@g0 type xy 
@    title "angular distribution"
@    subtitle "/home/miia/EGSnrc/egs_home/BEAM_EX16MVp/EX16MVp.egsphsp1"
@    legend on
@    legend box linestyle 0
@    legend x1 0.6
@    legend y1 0.75
@    view xmin 0.250000
@    xaxis  label "angle /degree"
@    timestamp on
@    yaxis  label "particles/unit solid angle/incident particle"
@    s0 on
@    legend string  0 "IQ =2  NO LATCH CHECK"
@    s0 errorbar length 0.000000
@    s0 symbol color 1
@TYPE xydy
     4.5000E-11     4.6763E-21     0.0000E+00
     4.5000E-11     3.9528E-01     0.0000E+00
     2.2500E-01     3.9528E-01     2.0848E-02
     4.5000E-01     3.9528E-01     0.0000E+00
     4.5000E-01     4.4104E-01     0.0000E+00
     6.7500E-01     4.4104E-01     1.3532E-02
     9.0000E-01     4.4104E-01     0.0000E+00
     9.0000E-01     4.5558E-01     0.0000E+00
     1.1250E+00     4.5558E-01     1.0777E-02
     1.3500E+00     4.5558E-01     0.0000E+00
     1.3500E+00     4.8630E-01     0.0000E+00
     1.5750E+00     4.8630E-01     9.6833E-03
     1.8000E+00     4.8630E-01     0.0000E+00
     1.8000E+00     4.9101E-01     0.0000E+00
     2.0250E+00     4.9101E-01     8.6431E-03
     2.2500E+00     4.9101E-01     0.0000E+00
     2.2500E+00     5.1562E-01     0.0000E+00
     2.4750E+00     5.1562E-01     8.1702E-03
     2.7000E+00     5.1562E-01     0.0000E+00
     2.7000E+00     3.8909E-01     0.0000E+00
     2.9250E+00     3.8909E-01     6.3762E-03
     3.1500E+00     3.8909E-01     0.0000E+00
     3.1500E+00     1.7569E-01     0.0000E+00
     3.3750E+00     1.7569E-01     3.7428E-03
     3.6000E+00     1.7569E-01     0.0000E+00
     3.6000E+00     6.7376E-02     0.0000E+00
     3.8250E+00     6.7376E-02     2.0767E-03
     4.0500E+00     6.7376E-02     0.0000E+00
     4.0500E+00     2.4466E-02     0.0000E+00
     4.2750E+00     2.4466E-02     1.1811E-03
     4.5000E+00     2.4466E-02     0.0000E+00
     4.5000E+00     1.8746E-02     0.0000E+00
     4.7250E+00     1.8746E-02     9.6928E-04
     4.9500E+00     1.8746E-02     0.0000E+00
     4.9500E+00     1.6535E-02     0.0000E+00
     5.1750E+00     1.6535E-02     8.7509E-04
     5.4000E+00     1.6535E-02     0.0000E+00
     5.4000E+00     1.2156E-02     0.0000E+00
     5.6250E+00     1.2156E-02     7.2834E-04
     5.8500E+00     1.2156E-02     0.0000E+00
     5.8500E+00     9.7654E-03     0.0000E+00
     6.0750E+00     9.7654E-03     6.2188E-04
     6.3000E+00     9.7654E-03     0.0000E+00
     6.3000E+00     7.5610E-03     0.0000E+00
     6.5250E+00     7.5610E-03     5.3510E-04
     6.7500E+00     7.5610E-03     0.0000E+00
     6.7500E+00     6.4412E-03     0.0000E+00
     6.9750E+00     6.4412E-03     4.6755E-04
     7.2000E+00     6.4412E-03     0.0000E+00
     7.2000E+00     4.1711E-03     0.0000E+00
     7.4250E+00     4.1711E-03     3.6928E-04
     7.6500E+00     4.1711E-03     0.0000E+00
     7.6500E+00     2.2777E-03     0.0000E+00
     7.8750E+00     2.2777E-03     2.5937E-04
     8.1000E+00     2.2777E-03     0.0000E+00
     8.1000E+00     1.1756E-03     0.0000E+00
     8.3250E+00     1.1756E-03     1.8133E-04
     8.5500E+00     1.1756E-03     0.0000E+00
     8.5500E+00     6.2697E-03     0.0000E+00
     8.7750E+00     6.2697E-03     3.7604E-03
     9.0000E+00     6.2697E-03     0.0000E+00
     9.0000E+00     3.1096E-03     0.0000E+00
     9.2250E+00     3.1096E-03     2.5310E-03
     9.4500E+00     3.1096E-03     0.0000E+00
     9.4500E+00     4.0996E-04     0.0000E+00
     9.6750E+00     4.0996E-04     9.9415E-05
     9.9000E+00     4.0996E-04     0.0000E+00
     9.9000E+00     4.3803E-04     0.0000E+00
     1.0125E+01     4.3803E-04     1.0563E-04
     1.0350E+01     4.3803E-04     0.0000E+00
     1.0350E+01     2.4734E-03     0.0000E+00
     1.0575E+01     2.4734E-03     2.2097E-03
     1.0800E+01     2.4734E-03     0.0000E+00
     1.0800E+01     2.3736E-03     0.0000E+00
     1.1025E+01     2.3736E-03     2.1205E-03
     1.1250E+01     2.3736E-03     0.0000E+00
     1.1250E+01     1.8335E-04     0.0000E+00
     1.1475E+01     1.8335E-04     6.1112E-05
     1.1700E+01     1.8335E-04     0.0000E+00
     1.1700E+01     2.0398E-03     0.0000E+00
     1.1925E+01     2.0398E-03     1.9618E-03
     1.2150E+01     2.0398E-03     0.0000E+00
     1.2150E+01     1.3238E-04     0.0000E+00
     1.2375E+01     1.3238E-04     5.0031E-05
     1.2600E+01     1.3238E-04     0.0000E+00
     1.2600E+01     9.1291E-05     0.0000E+00
     1.2825E+01     9.1291E-05     4.0825E-05
     1.3050E+01     9.1291E-05     0.0000E+00
     1.3050E+01     8.8249E-05     0.0000E+00
     1.3275E+01     8.8249E-05     3.9465E-05
     1.3500E+01     8.8249E-05     0.0000E+00
     1.3500E+01     1.5374E-04     0.0000E+00
     1.3725E+01     1.5374E-04     5.1241E-05
     1.3950E+01     1.5374E-04     0.0000E+00
     1.3950E+01     1.1585E-04     0.0000E+00
     1.4175E+01     1.1585E-04     4.3785E-05
     1.4400E+01     1.1585E-04     0.0000E+00
     1.4400E+01     9.6308E-05     0.0000E+00
     1.4625E+01     9.6308E-05     3.9316E-05
     1.4850E+01     9.6308E-05     0.0000E+00
     1.4850E+01     3.1166E-05     0.0000E+00
     1.5075E+01     3.1166E-05     2.2037E-05
     1.5300E+01     3.1166E-05     0.0000E+00
     1.5300E+01     4.5426E-05     0.0000E+00
     1.5525E+01     4.5426E-05     2.6226E-05
     1.5750E+01     4.5426E-05     0.0000E+00
     1.5750E+01     1.0308E-04     0.0000E+00
     1.5975E+01     1.0308E-04     3.8959E-05
     1.6200E+01     1.0308E-04     0.0000E+00
     1.6200E+01     8.5999E-05     0.0000E+00
     1.6425E+01     8.5999E-05     3.5107E-05
     1.6650E+01     8.5999E-05     0.0000E+00
     1.6650E+01     2.7923E-05     0.0000E+00
     1.6875E+01     2.7923E-05     1.9745E-05
     1.7100E+01     2.7923E-05     0.0000E+00
     1.7100E+01     2.7219E-05     0.0000E+00
     1.7325E+01     2.7219E-05     1.9247E-05
     1.7550E+01     2.7219E-05     0.0000E+00
     1.7550E+01     7.9655E-05     0.0000E+00
     1.7775E+01     7.9655E-05     3.2517E-05
     1.8000E+01     7.9655E-05     0.0000E+00
     1.8000E+01     3.8876E-05     0.0000E+00
     1.8225E+01     3.8876E-05     2.2445E-05
     1.8450E+01     3.8876E-05     0.0000E+00
     1.8450E+01     2.5315E-05     0.0000E+00
     1.8675E+01     2.5315E-05     1.7900E-05
     1.8900E+01     2.5315E-05     0.0000E+00
     1.8900E+01     2.4740E-05     0.0000E+00
     1.9125E+01     2.4740E-05     1.7494E-05
     1.9350E+01     2.4740E-05     0.0000E+00
     1.9350E+01     2.4193E-05     0.0000E+00
     1.9575E+01     2.4193E-05     1.7107E-05
     1.9800E+01     2.4193E-05     0.0000E+00
     1.9800E+01     2.3671E-05     0.0000E+00
     2.0025E+01     2.3671E-05     1.6738E-05
     2.0250E+01     2.3671E-05     0.0000E+00
     2.0250E+01     2.3172E-05     0.0000E+00
     2.0475E+01     2.3172E-05     1.6385E-05
     2.0700E+01     2.3172E-05     0.0000E+00
     2.0700E+01     5.6739E-05     0.0000E+00
     2.0925E+01     5.6739E-05     2.5374E-05
     2.1150E+01     5.6739E-05     0.0000E+00
     2.1150E+01     2.2240E-05     0.0000E+00
     2.1375E+01     2.2240E-05     1.5726E-05
     2.1600E+01     2.2240E-05     0.0000E+00
     2.1600E+01     3.2704E-05     0.0000E+00
     2.1825E+01     3.2704E-05     1.8881E-05
     2.2050E+01     3.2704E-05     0.0000E+00
     2.2050E+01     1.0692E-05     0.0000E+00
     2.2275E+01     1.0692E-05     1.0691E-05
     2.2500E+01     1.0692E-05     0.0000E+00
     2.2500E+01     1.0491E-05     0.0000E+00
     2.2725E+01     1.0491E-05     1.0490E-05
     2.2950E+01     1.0491E-05     0.0000E+00
     2.2950E+01     3.0895E-05     0.0000E+00
     2.3175E+01     3.0895E-05     1.7837E-05
     2.3400E+01     3.0895E-05     0.0000E+00
     2.3400E+01     1.0113E-05     0.0000E+00
     2.3625E+01     1.0113E-05     1.0112E-05
     2.3850E+01     1.0113E-05     0.0000E+00
     2.3850E+01     2.9805E-05     0.0000E+00
     2.4075E+01     2.9805E-05     1.7208E-05
     2.4300E+01     2.9805E-05     0.0000E+00
     2.4300E+01     1.9528E-05     0.0000E+00
     2.4525E+01     1.9528E-05     1.3808E-05
     2.4750E+01     1.9528E-05     0.0000E+00
     2.4750E+01     5.7593E-05     0.0000E+00
     2.4975E+01     5.7593E-05     2.3511E-05
     2.5200E+01     5.7593E-05     0.0000E+00
     2.5200E+01     4.7200E-05     0.0000E+00
     2.5425E+01     4.7200E-05     2.1108E-05
     2.5650E+01     4.7200E-05     0.0000E+00
     2.5650E+01     9.2868E-06     0.0000E+00
     2.5875E+01     9.2868E-06     9.2859E-06
     2.6100E+01     9.2868E-06     0.0000E+00
     2.6100E+01     9.1391E-06     0.0000E+00
     2.6325E+01     9.1391E-06     9.1382E-06
     2.6550E+01     9.1391E-06     0.0000E+00
     2.6550E+01     1.7993E-05     0.0000E+00
     2.6775E+01     1.7993E-05     1.2723E-05
     2.7000E+01     1.7993E-05     0.0000E+00
     2.7000E+01     8.8590E-06     0.0000E+00
     2.7225E+01     8.8590E-06     8.8581E-06
     2.7450E+01     8.8590E-06     0.0000E+00
     2.7450E+01     4.6763E-16     0.0000E+00
     2.7675E+01     4.6763E-16     0.0000E+00
     2.7900E+01     4.6763E-16     0.0000E+00
     2.7900E+01     1.7195E-05     0.0000E+00
     2.8125E+01     1.7195E-05     1.2159E-05
     2.8350E+01     1.7195E-05     0.0000E+00
     2.8350E+01     3.3893E-05     0.0000E+00
     2.8575E+01     3.3893E-05     1.6946E-05
     2.8800E+01     3.3893E-05     0.0000E+00
     2.8800E+01     8.3531E-06     0.0000E+00
     2.9025E+01     8.3531E-06     8.3523E-06
     2.9250E+01     8.3531E-06     0.0000E+00
     2.9250E+01     1.6474E-05     0.0000E+00
     2.9475E+01     1.6474E-05     1.1648E-05
     2.9700E+01     1.6474E-05     0.0000E+00
     2.9700E+01     4.6763E-16     0.0000E+00
     2.9925E+01     4.6763E-16     0.0000E+00
     3.0150E+01     4.6763E-16     0.0000E+00
     3.0150E+01     4.6763E-16     0.0000E+00
     3.0375E+01     4.6763E-16     0.0000E+00
     3.0600E+01     4.6763E-16     0.0000E+00
     3.0600E+01     4.6763E-16     0.0000E+00
     3.0825E+01     4.6763E-16     0.0000E+00
     3.1050E+01     4.6763E-16     0.0000E+00
     3.1050E+01     7.8068E-06     0.0000E+00
     3.1275E+01     7.8068E-06     7.8060E-06
     3.1500E+01     7.8068E-06     0.0000E+00
     3.1500E+01     4.6763E-16     0.0000E+00
     3.1725E+01     4.6763E-16     0.0000E+00
     3.1950E+01     4.6763E-16     0.0000E+00
     3.1950E+01     4.6763E-16     0.0000E+00
     3.2175E+01     4.6763E-16     0.0000E+00
     3.2400E+01     4.6763E-16     0.0000E+00
     3.2400E+01     4.6763E-16     0.0000E+00
     3.2625E+01     4.6763E-16     0.0000E+00
     3.2850E+01     4.6763E-16     0.0000E+00
     3.2850E+01     4.6763E-16     0.0000E+00
     3.3075E+01     4.6763E-16     0.0000E+00
     3.3300E+01     4.6763E-16     0.0000E+00
     3.3300E+01     7.3381E-06     0.0000E+00
     3.3525E+01     7.3381E-06     7.3374E-06
     3.3750E+01     7.3381E-06     0.0000E+00
     3.3750E+01     4.6763E-16     0.0000E+00
     3.3975E+01     4.6763E-16     0.0000E+00
     3.4200E+01     4.6763E-16     0.0000E+00
     3.4200E+01     4.6763E-16     0.0000E+00
     3.4425E+01     4.6763E-16     0.0000E+00
     3.4650E+01     4.6763E-16     0.0000E+00
     3.4650E+01     1.4176E-05     0.0000E+00
     3.4875E+01     1.4176E-05     1.0024E-05
     3.5100E+01     1.4176E-05     0.0000E+00
     3.5100E+01     4.6763E-16     0.0000E+00
     3.5325E+01     4.6763E-16     0.0000E+00
     3.5550E+01     4.6763E-16     0.0000E+00
     3.5550E+01     1.3865E-05     0.0000E+00
     3.5775E+01     1.3865E-05     9.8041E-06
     3.6000E+01     1.3865E-05     0.0000E+00
     3.6000E+01     6.8581E-06     0.0000E+00
     3.6225E+01     6.8581E-06     6.8574E-06
     3.6450E+01     6.8581E-06     0.0000E+00
     3.6450E+01     4.6763E-16     0.0000E+00
     3.6675E+01     4.6763E-16     0.0000E+00
     3.6900E+01     4.6763E-16     0.0000E+00
     3.6900E+01     4.6763E-16     0.0000E+00
     3.7125E+01     4.6763E-16     0.0000E+00
     3.7350E+01     4.6763E-16     0.0000E+00
     3.7350E+01     4.6763E-16     0.0000E+00
     3.7575E+01     4.6763E-16     0.0000E+00
     3.7800E+01     4.6763E-16     0.0000E+00
     3.7800E+01     6.5792E-06     0.0000E+00
     3.8025E+01     6.5792E-06     6.5786E-06
     3.8250E+01     6.5792E-06     0.0000E+00
     3.8250E+01     4.6763E-16     0.0000E+00
     3.8475E+01     4.6763E-16     0.0000E+00
     3.8700E+01     4.6763E-16     0.0000E+00
     3.8700E+01     4.6763E-16     0.0000E+00
     3.8925E+01     4.6763E-16     0.0000E+00
     3.9150E+01     4.6763E-16     0.0000E+00
     3.9150E+01     4.6763E-16     0.0000E+00
     3.9375E+01     4.6763E-16     0.0000E+00
     3.9600E+01     4.6763E-16     0.0000E+00
     3.9600E+01     4.6763E-16     0.0000E+00
     3.9825E+01     4.6763E-16     0.0000E+00
     4.0050E+01     4.6763E-16     0.0000E+00
     4.0050E+01     4.6763E-16     0.0000E+00
     4.0275E+01     4.6763E-16     0.0000E+00
     4.0500E+01     4.6763E-16     0.0000E+00
     4.0500E+01     4.6763E-16     0.0000E+00
     4.0725E+01     4.6763E-16     0.0000E+00
     4.0950E+01     4.6763E-16     0.0000E+00
     4.0950E+01     6.1560E-06     0.0000E+00
     4.1175E+01     6.1560E-06     6.1553E-06
     4.1400E+01     6.1560E-06     0.0000E+00
     4.1400E+01     4.6763E-16     0.0000E+00
     4.1625E+01     4.6763E-16     0.0000E+00
     4.1850E+01     4.6763E-16     0.0000E+00
     4.1850E+01     4.6763E-16     0.0000E+00
     4.2075E+01     4.6763E-16     0.0000E+00
     4.2300E+01     4.6763E-16     0.0000E+00
     4.2300E+01     5.9961E-06     0.0000E+00
     4.2525E+01     5.9961E-06     5.9955E-06
     4.2750E+01     5.9961E-06     0.0000E+00
     4.2750E+01     4.6763E-16     0.0000E+00
     4.2975E+01     4.6763E-16     0.0000E+00
     4.3200E+01     4.6763E-16     0.0000E+00
     4.3200E+01     5.8959E-06     0.0000E+00
     4.3425E+01     5.8959E-06     5.8953E-06
     4.3650E+01     5.8959E-06     0.0000E+00
     4.3650E+01     4.6763E-16     0.0000E+00
     4.3875E+01     4.6763E-16     0.0000E+00
     4.4100E+01     4.6763E-16     0.0000E+00
     4.4100E+01     4.6763E-16     0.0000E+00
     4.4325E+01     4.6763E-16     0.0000E+00
     4.4550E+01     4.6763E-16     0.0000E+00
     4.4550E+01     4.6763E-16     0.0000E+00
     4.4775E+01     4.6763E-16     0.0000E+00
     4.5000E+01     4.6763E-16     0.0000E+00
     4.5000E+01     4.6763E-16     0.0000E+00
     4.5225E+01     4.6763E-16     0.0000E+00
     4.5450E+01     4.6763E-16     0.0000E+00
     4.5450E+01     4.6763E-16     0.0000E+00
     4.5675E+01     4.6763E-16     0.0000E+00
     4.5900E+01     4.6763E-16     0.0000E+00
     4.5900E+01     4.6763E-16     0.0000E+00
     4.6125E+01     4.6763E-16     0.0000E+00
     4.6350E+01     4.6763E-16     0.0000E+00
     4.6350E+01     4.6763E-16     0.0000E+00
     4.6575E+01     4.6763E-16     0.0000E+00
     4.6800E+01     4.6763E-16     0.0000E+00
     4.6800E+01     4.6763E-16     0.0000E+00
     4.7025E+01     4.6763E-16     0.0000E+00
     4.7250E+01     4.6763E-16     0.0000E+00
     4.7250E+01     4.6763E-16     0.0000E+00
     4.7475E+01     4.6763E-16     0.0000E+00
     4.7700E+01     4.6763E-16     0.0000E+00
     4.7700E+01     4.6763E-16     0.0000E+00
     4.7925E+01     4.6763E-16     0.0000E+00
     4.8150E+01     4.6763E-16     0.0000E+00
     4.8150E+01     4.6763E-16     0.0000E+00
     4.8375E+01     4.6763E-16     0.0000E+00
     4.8600E+01     4.6763E-16     0.0000E+00
     4.8600E+01     4.6763E-16     0.0000E+00
     4.8825E+01     4.6763E-16     0.0000E+00
     4.9050E+01     4.6763E-16     0.0000E+00
     4.9050E+01     4.6763E-16     0.0000E+00
     4.9275E+01     4.6763E-16     0.0000E+00
     4.9500E+01     4.6763E-16     0.0000E+00
     4.9500E+01     4.6763E-16     0.0000E+00
     4.9725E+01     4.6763E-16     0.0000E+00
     4.9950E+01     4.6763E-16     0.0000E+00
     4.9950E+01     4.6763E-16     0.0000E+00
     5.0175E+01     4.6763E-16     0.0000E+00
     5.0400E+01     4.6763E-16     0.0000E+00
     5.0400E+01     4.6763E-16     0.0000E+00
     5.0625E+01     4.6763E-16     0.0000E+00
     5.0850E+01     4.6763E-16     0.0000E+00
     5.0850E+01     4.6763E-16     0.0000E+00
     5.1075E+01     4.6763E-16     0.0000E+00
     5.1300E+01     4.6763E-16     0.0000E+00
     5.1300E+01     4.6763E-16     0.0000E+00
     5.1525E+01     4.6763E-16     0.0000E+00
     5.1750E+01     4.6763E-16     0.0000E+00
     5.1750E+01     4.6763E-16     0.0000E+00
     5.1975E+01     4.6763E-16     0.0000E+00
     5.2200E+01     4.6763E-16     0.0000E+00
     5.2200E+01     4.6763E-16     0.0000E+00
     5.2425E+01     4.6763E-16     0.0000E+00
     5.2650E+01     4.6763E-16     0.0000E+00
     5.2650E+01     4.6763E-16     0.0000E+00
     5.2875E+01     4.6763E-16     0.0000E+00
     5.3100E+01     4.6763E-16     0.0000E+00
     5.3100E+01     4.6763E-16     0.0000E+00
     5.3325E+01     4.6763E-16     0.0000E+00
     5.3550E+01     4.6763E-16     0.0000E+00
     5.3550E+01     4.6763E-16     0.0000E+00
     5.3775E+01     4.6763E-16     0.0000E+00
     5.4000E+01     4.6763E-16     0.0000E+00
     5.4000E+01     4.6763E-16     0.0000E+00
     5.4225E+01     4.6763E-16     0.0000E+00
     5.4450E+01     4.6763E-16     0.0000E+00
     5.4450E+01     4.6763E-16     0.0000E+00
     5.4675E+01     4.6763E-16     0.0000E+00
     5.4900E+01     4.6763E-16     0.0000E+00
     5.4900E+01     4.6763E-16     0.0000E+00
     5.5125E+01     4.6763E-16     0.0000E+00
     5.5350E+01     4.6763E-16     0.0000E+00
     5.5350E+01     4.6763E-16     0.0000E+00
     5.5575E+01     4.6763E-16     0.0000E+00
     5.5800E+01     4.6763E-16     0.0000E+00
     5.5800E+01     4.6763E-16     0.0000E+00
     5.6025E+01     4.6763E-16     0.0000E+00
     5.6250E+01     4.6763E-16     0.0000E+00
     5.6250E+01     4.6763E-16     0.0000E+00
     5.6475E+01     4.6763E-16     0.0000E+00
     5.6700E+01     4.6763E-16     0.0000E+00
     5.6700E+01     4.6763E-16     0.0000E+00
     5.6925E+01     4.6763E-16     0.0000E+00
     5.7150E+01     4.6763E-16     0.0000E+00
     5.7150E+01     4.6763E-16     0.0000E+00
     5.7375E+01     4.6763E-16     0.0000E+00
     5.7600E+01     4.6763E-16     0.0000E+00
     5.7600E+01     4.6763E-16     0.0000E+00
     5.7825E+01     4.6763E-16     0.0000E+00
     5.8050E+01     4.6763E-16     0.0000E+00
     5.8050E+01     4.6763E-16     0.0000E+00
     5.8275E+01     4.6763E-16     0.0000E+00
     5.8500E+01     4.6763E-16     0.0000E+00
     5.8500E+01     4.6763E-16     0.0000E+00
     5.8725E+01     4.6763E-16     0.0000E+00
     5.8950E+01     4.6763E-16     0.0000E+00
     5.8950E+01     4.6763E-16     0.0000E+00
     5.9175E+01     4.6763E-16     0.0000E+00
     5.9400E+01     4.6763E-16     0.0000E+00
     5.9400E+01     4.6763E-16     0.0000E+00
     5.9625E+01     4.6763E-16     0.0000E+00
     5.9850E+01     4.6763E-16     0.0000E+00
     5.9850E+01     4.6763E-06     0.0000E+00
     6.0075E+01     4.6763E-06     4.6758E-06
     6.0300E+01     4.6763E-06     0.0000E+00
     6.0300E+01     4.6763E-16     0.0000E+00
     6.0525E+01     4.6763E-16     0.0000E+00
     6.0750E+01     4.6763E-16     0.0000E+00
     6.0750E+01     4.6763E-16     0.0000E+00
     6.0975E+01     4.6763E-16     0.0000E+00
     6.1200E+01     4.6763E-16     0.0000E+00
     6.1200E+01     4.6763E-16     0.0000E+00
     6.1425E+01     4.6763E-16     0.0000E+00
     6.1650E+01     4.6763E-16     0.0000E+00
     6.1650E+01     4.6763E-16     0.0000E+00
     6.1875E+01     4.6763E-16     0.0000E+00
     6.2100E+01     4.6763E-16     0.0000E+00
     6.2100E+01     4.6763E-16     0.0000E+00
     6.2325E+01     4.6763E-16     0.0000E+00
     6.2550E+01     4.6763E-16     0.0000E+00
     6.2550E+01     4.6763E-16     0.0000E+00
     6.2775E+01     4.6763E-16     0.0000E+00
     6.3000E+01     4.6763E-16     0.0000E+00
     6.3000E+01     4.6763E-16     0.0000E+00
     6.3225E+01     4.6763E-16     0.0000E+00
     6.3450E+01     4.6763E-16     0.0000E+00
     6.3450E+01     4.6763E-16     0.0000E+00
     6.3675E+01     4.6763E-16     0.0000E+00
     6.3900E+01     4.6763E-16     0.0000E+00
     6.3900E+01     4.6763E-16     0.0000E+00
     6.4125E+01     4.6763E-16     0.0000E+00
     6.4350E+01     4.6763E-16     0.0000E+00
     6.4350E+01     4.6763E-16     0.0000E+00
     6.4575E+01     4.6763E-16     0.0000E+00
     6.4800E+01     4.6763E-16     0.0000E+00
     6.4800E+01     4.6763E-16     0.0000E+00
     6.5025E+01     4.6763E-16     0.0000E+00
     6.5250E+01     4.6763E-16     0.0000E+00
     6.5250E+01     4.6763E-16     0.0000E+00
     6.5475E+01     4.6763E-16     0.0000E+00
     6.5700E+01     4.6763E-16     0.0000E+00
     6.5700E+01     4.6763E-16     0.0000E+00
     6.5925E+01     4.6763E-16     0.0000E+00
     6.6150E+01     4.6763E-16     0.0000E+00
     6.6150E+01     4.6763E-16     0.0000E+00
     6.6375E+01     4.6763E-16     0.0000E+00
     6.6600E+01     4.6763E-16     0.0000E+00
     6.6600E+01     4.6763E-16     0.0000E+00
     6.6825E+01     4.6763E-16     0.0000E+00
     6.7050E+01     4.6763E-16     0.0000E+00
     6.7050E+01     4.6763E-16     0.0000E+00
     6.7275E+01     4.6763E-16     0.0000E+00
     6.7500E+01     4.6763E-16     0.0000E+00
     6.7500E+01     4.6763E-16     0.0000E+00
     6.7725E+01     4.6763E-16     0.0000E+00
     6.7950E+01     4.6763E-16     0.0000E+00
     6.7950E+01     4.6763E-16     0.0000E+00
     6.8175E+01     4.6763E-16     0.0000E+00
     6.8400E+01     4.6763E-16     0.0000E+00
     6.8400E+01     4.6763E-16     0.0000E+00
     6.8625E+01     4.6763E-16     0.0000E+00
     6.8850E+01     4.6763E-16     0.0000E+00
     6.8850E+01     4.6763E-16     0.0000E+00
     6.9075E+01     4.6763E-16     0.0000E+00
     6.9300E+01     4.6763E-16     0.0000E+00
     6.9300E+01     4.6763E-16     0.0000E+00
     6.9525E+01     4.6763E-16     0.0000E+00
     6.9750E+01     4.6763E-16     0.0000E+00
     6.9750E+01     4.6763E-16     0.0000E+00
     6.9975E+01     4.6763E-16     0.0000E+00
     7.0200E+01     4.6763E-16     0.0000E+00
     7.0200E+01     4.6763E-16     0.0000E+00
     7.0425E+01     4.6763E-16     0.0000E+00
     7.0650E+01     4.6763E-16     0.0000E+00
     7.0650E+01     4.6763E-16     0.0000E+00
     7.0875E+01     4.6763E-16     0.0000E+00
     7.1100E+01     4.6763E-16     0.0000E+00
     7.1100E+01     4.6763E-16     0.0000E+00
     7.1325E+01     4.6763E-16     0.0000E+00
     7.1550E+01     4.6763E-16     0.0000E+00
     7.1550E+01     4.6763E-16     0.0000E+00
     7.1775E+01     4.6763E-16     0.0000E+00
     7.2000E+01     4.6763E-16     0.0000E+00
     7.2000E+01     4.6763E-16     0.0000E+00
     7.2225E+01     4.6763E-16     0.0000E+00
     7.2450E+01     4.6763E-16     0.0000E+00
     7.2450E+01     4.6763E-16     0.0000E+00
     7.2675E+01     4.6763E-16     0.0000E+00
     7.2900E+01     4.6763E-16     0.0000E+00
     7.2900E+01     4.6763E-16     0.0000E+00
     7.3125E+01     4.6763E-16     0.0000E+00
     7.3350E+01     4.6763E-16     0.0000E+00
     7.3350E+01     4.6763E-16     0.0000E+00
     7.3575E+01     4.6763E-16     0.0000E+00
     7.3800E+01     4.6763E-16     0.0000E+00
     7.3800E+01     4.6763E-16     0.0000E+00
     7.4025E+01     4.6763E-16     0.0000E+00
     7.4250E+01     4.6763E-16     0.0000E+00
     7.4250E+01     4.6763E-16     0.0000E+00
     7.4475E+01     4.6763E-16     0.0000E+00
     7.4700E+01     4.6763E-16     0.0000E+00
     7.4700E+01     4.6763E-16     0.0000E+00
     7.4925E+01     4.6763E-16     0.0000E+00
     7.5150E+01     4.6763E-16     0.0000E+00
     7.5150E+01     4.6763E-16     0.0000E+00
     7.5375E+01     4.6763E-16     0.0000E+00
     7.5600E+01     4.6763E-16     0.0000E+00
     7.5600E+01     4.6763E-16     0.0000E+00
     7.5825E+01     4.6763E-16     0.0000E+00
     7.6050E+01     4.6763E-16     0.0000E+00
     7.6050E+01     4.6763E-16     0.0000E+00
     7.6275E+01     4.6763E-16     0.0000E+00
     7.6500E+01     4.6763E-16     0.0000E+00
     7.6500E+01     4.6763E-16     0.0000E+00
     7.6725E+01     4.6763E-16     0.0000E+00
     7.6950E+01     4.6763E-16     0.0000E+00
     7.6950E+01     4.6763E-16     0.0000E+00
     7.7175E+01     4.6763E-16     0.0000E+00
     7.7400E+01     4.6763E-16     0.0000E+00
     7.7400E+01     4.6763E-16     0.0000E+00
     7.7625E+01     4.6763E-16     0.0000E+00
     7.7850E+01     4.6763E-16     0.0000E+00
     7.7850E+01     4.6763E-16     0.0000E+00
     7.8075E+01     4.6763E-16     0.0000E+00
     7.8300E+01     4.6763E-16     0.0000E+00
     7.8300E+01     4.6763E-16     0.0000E+00
     7.8525E+01     4.6763E-16     0.0000E+00
     7.8750E+01     4.6763E-16     0.0000E+00
     7.8750E+01     4.6763E-16     0.0000E+00
     7.8975E+01     4.6763E-16     0.0000E+00
     7.9200E+01     4.6763E-16     0.0000E+00
     7.9200E+01     4.6763E-16     0.0000E+00
     7.9425E+01     4.6763E-16     0.0000E+00
     7.9650E+01     4.6763E-16     0.0000E+00
     7.9650E+01     4.6763E-16     0.0000E+00
     7.9875E+01     4.6763E-16     0.0000E+00
     8.0100E+01     4.6763E-16     0.0000E+00
     8.0100E+01     4.6763E-16     0.0000E+00
     8.0325E+01     4.6763E-16     0.0000E+00
     8.0550E+01     4.6763E-16     0.0000E+00
     8.0550E+01     4.6763E-16     0.0000E+00
     8.0775E+01     4.6763E-16     0.0000E+00
     8.1000E+01     4.6763E-16     0.0000E+00
     8.1000E+01     4.6763E-16     0.0000E+00
     8.1225E+01     4.6763E-16     0.0000E+00
     8.1450E+01     4.6763E-16     0.0000E+00
     8.1450E+01     4.6763E-16     0.0000E+00
     8.1675E+01     4.6763E-16     0.0000E+00
     8.1900E+01     4.6763E-16     0.0000E+00
     8.1900E+01     4.6763E-16     0.0000E+00
     8.2125E+01     4.6763E-16     0.0000E+00
     8.2350E+01     4.6763E-16     0.0000E+00
     8.2350E+01     4.6763E-16     0.0000E+00
     8.2575E+01     4.6763E-16     0.0000E+00
     8.2800E+01     4.6763E-16     0.0000E+00
     8.2800E+01     4.6763E-16     0.0000E+00
     8.3025E+01     4.6763E-16     0.0000E+00
     8.3250E+01     4.6763E-16     0.0000E+00
     8.3250E+01     4.6763E-16     0.0000E+00
     8.3475E+01     4.6763E-16     0.0000E+00
     8.3700E+01     4.6763E-16     0.0000E+00
     8.3700E+01     4.6763E-16     0.0000E+00
     8.3925E+01     4.6763E-16     0.0000E+00
     8.4150E+01     4.6763E-16     0.0000E+00
     8.4150E+01     4.6763E-16     0.0000E+00
     8.4375E+01     4.6763E-16     0.0000E+00
     8.4600E+01     4.6763E-16     0.0000E+00
     8.4600E+01     4.6763E-16     0.0000E+00
     8.4825E+01     4.6763E-16     0.0000E+00
     8.5050E+01     4.6763E-16     0.0000E+00
     8.5050E+01     4.6763E-16     0.0000E+00
     8.5275E+01     4.6763E-16     0.0000E+00
     8.5500E+01     4.6763E-16     0.0000E+00
     8.5500E+01     4.6763E-16     0.0000E+00
     8.5725E+01     4.6763E-16     0.0000E+00
     8.5950E+01     4.6763E-16     0.0000E+00
     8.5950E+01     4.6763E-16     0.0000E+00
     8.6175E+01     4.6763E-16     0.0000E+00
     8.6400E+01     4.6763E-16     0.0000E+00
     8.6400E+01     4.6763E-16     0.0000E+00
     8.6625E+01     4.6763E-16     0.0000E+00
     8.6850E+01     4.6763E-16     0.0000E+00
     8.6850E+01     4.6763E-16     0.0000E+00
     8.7075E+01     4.6763E-16     0.0000E+00
     8.7300E+01     4.6763E-16     0.0000E+00
     8.7300E+01     4.6763E-16     0.0000E+00
     8.7525E+01     4.6763E-16     0.0000E+00
     8.7750E+01     4.6763E-16     0.0000E+00
     8.7750E+01     4.6763E-16     0.0000E+00
     8.7975E+01     4.6763E-16     0.0000E+00
     8.8200E+01     4.6763E-16     0.0000E+00
     8.8200E+01     4.6763E-16     0.0000E+00
     8.8425E+01     4.6763E-16     0.0000E+00
     8.8650E+01     4.6763E-16     0.0000E+00
     8.8650E+01     4.6763E-16     0.0000E+00
     8.8875E+01     4.6763E-16     0.0000E+00
     8.9100E+01     4.6763E-16     0.0000E+00
     8.9100E+01     4.6763E-16     0.0000E+00
     8.9325E+01     4.6763E-16     0.0000E+00
     8.9550E+01     4.6763E-16     0.0000E+00
     8.9550E+01     4.6763E-16     0.0000E+00
     8.9775E+01     4.6763E-16     0.0000E+00
     9.0000E+01     4.6763E-16     0.0000E+00
     9.0000E+01     4.6763E-21     0.0000E+00
&
