@g0 type xy 
@    title "energy fluence vs position"
@    subtitle "/home/miia/EGSnrc/egs_home/BEAM_EX16MVp/EX16MVp.egsphsp1"
@    legend on
@    legend box linestyle 0
@    legend x1 0.6
@    legend y1 0.75
@    view xmin 0.250000
@    xaxis  label "X /cm"
@    timestamp on
@    yaxis  label "energy fluence/incident particle /MeV cm\\S-2\\N)"
@    s0 on
@    legend string  0 "IQ =2  NO LATCH CHECK"
@    s0 errorbar length 0.000000
@    s0 symbol color 1
@TYPE xydy
     1.0633E-10     3.8029E-23     0.0000E+00
     1.0633E-10     1.6690E-04     0.0000E+00
     5.3166E-01     1.6690E-04     7.0579E-06
     1.0633E+00     1.6690E-04     0.0000E+00
     1.0633E+00     1.7831E-04     0.0000E+00
     1.2835E+00     1.7831E-04     7.2790E-06
     1.5038E+00     1.7831E-04     0.0000E+00
     1.5038E+00     1.7641E-04     0.0000E+00
     1.6727E+00     1.7641E-04     7.1504E-06
     1.8417E+00     1.7641E-04     0.0000E+00
     1.8417E+00     1.7925E-04     0.0000E+00
     1.9842E+00     1.7925E-04     7.1970E-06
     2.1266E+00     1.7925E-04     0.0000E+00
     2.1266E+00     2.0232E-04     0.0000E+00
     2.2522E+00     2.0232E-04     7.8113E-06
     2.3777E+00     2.0232E-04     0.0000E+00
     2.3777E+00     1.9830E-04     0.0000E+00
     2.4911E+00     1.9830E-04     7.9181E-06
     2.6046E+00     1.9830E-04     0.0000E+00
     2.6046E+00     2.0371E-04     0.0000E+00
     2.7089E+00     2.0371E-04     7.7277E-06
     2.8133E+00     2.0371E-04     0.0000E+00
     2.8133E+00     1.9956E-04     0.0000E+00
     2.9104E+00     1.9956E-04     7.5294E-06
     3.0075E+00     1.9956E-04     0.0000E+00
     3.0075E+00     1.9722E-04     0.0000E+00
     3.0987E+00     1.9722E-04     7.3508E-06
     3.1900E+00     1.9722E-04     0.0000E+00
     3.1900E+00     2.0443E-04     0.0000E+00
     3.2762E+00     2.0443E-04     7.8238E-06
     3.3625E+00     2.0443E-04     0.0000E+00
     3.3625E+00     1.8720E-04     0.0000E+00
     3.4446E+00     1.8720E-04     7.4402E-06
     3.5266E+00     1.8720E-04     0.0000E+00
     3.5266E+00     2.0704E-04     0.0000E+00
     3.6050E+00     2.0704E-04     7.9166E-06
     3.6835E+00     2.0704E-04     0.0000E+00
     3.6835E+00     2.0206E-04     0.0000E+00
     3.7587E+00     2.0206E-04     7.7335E-06
     3.8339E+00     2.0206E-04     0.0000E+00
     3.8339E+00     2.0241E-04     0.0000E+00
     3.9062E+00     2.0241E-04     7.6180E-06
     3.9786E+00     2.0241E-04     0.0000E+00
     3.9786E+00     2.0692E-04     0.0000E+00
     4.0484E+00     2.0692E-04     7.8834E-06
     4.1182E+00     2.0692E-04     0.0000E+00
     4.1182E+00     2.0731E-04     0.0000E+00
     4.1858E+00     2.0731E-04     7.8636E-06
     4.2533E+00     2.0731E-04     0.0000E+00
     4.2533E+00     2.1645E-04     0.0000E+00
     4.3187E+00     2.1645E-04     8.2691E-06
     4.3842E+00     2.1645E-04     0.0000E+00
     4.3842E+00     2.0059E-04     0.0000E+00
     4.4477E+00     2.0059E-04     7.8224E-06
     4.5113E+00     2.0059E-04     0.0000E+00
     4.5113E+00     2.1593E-04     0.0000E+00
     4.5731E+00     2.1593E-04     8.0386E-06
     4.6349E+00     2.1593E-04     0.0000E+00
     4.6349E+00     2.1299E-04     0.0000E+00
     4.6951E+00     2.1299E-04     7.7652E-06
     4.7553E+00     2.1299E-04     0.0000E+00
     4.7553E+00     2.1602E-04     0.0000E+00
     4.8140E+00     2.1602E-04     8.1220E-06
     4.8728E+00     2.1602E-04     0.0000E+00
     4.8728E+00     1.9831E-04     0.0000E+00
     4.9301E+00     1.9831E-04     7.6401E-06
     4.9874E+00     1.9831E-04     0.0000E+00
     4.9874E+00     2.6627E-05     0.0000E+00
     5.0435E+00     2.6627E-05     2.4101E-06
     5.0995E+00     2.6627E-05     0.0000E+00
     5.0995E+00     8.5969E-06     0.0000E+00
     5.1544E+00     8.5969E-06     1.1558E-06
     5.2092E+00     8.5969E-06     0.0000E+00
     5.2092E+00     7.6733E-06     0.0000E+00
     5.2629E+00     7.6733E-06     1.1424E-06
     5.3166E+00     7.6733E-06     0.0000E+00
     5.3166E+00     9.4593E-06     0.0000E+00
     5.3693E+00     9.4593E-06     1.4335E-06
     5.4219E+00     9.4593E-06     0.0000E+00
     5.4219E+00     8.5714E-06     0.0000E+00
     5.4735E+00     8.5714E-06     1.2930E-06
     5.5252E+00     8.5714E-06     0.0000E+00
     5.5252E+00     7.5264E-06     0.0000E+00
     5.5759E+00     7.5264E-06     1.1389E-06
     5.6266E+00     7.5264E-06     0.0000E+00
     5.6266E+00     9.4523E-06     0.0000E+00
     5.6764E+00     9.4523E-06     1.3037E-06
     5.7262E+00     9.4523E-06     0.0000E+00
     5.7262E+00     6.4598E-06     0.0000E+00
     5.7751E+00     6.4598E-06     1.0990E-06
     5.8241E+00     6.4598E-06     0.0000E+00
     5.8241E+00     5.9685E-06     0.0000E+00
     5.8722E+00     5.9685E-06     1.0763E-06
     5.9203E+00     5.9685E-06     0.0000E+00
     5.9203E+00     5.5470E-06     0.0000E+00
     5.9677E+00     5.5470E-06     9.1006E-07
     6.0151E+00     5.5470E-06     0.0000E+00
     6.0151E+00     3.9265E-06     0.0000E+00
     6.0617E+00     3.9265E-06     7.1635E-07
     6.1083E+00     3.9265E-06     0.0000E+00
     6.1083E+00     4.5243E-06     0.0000E+00
     6.1542E+00     4.5243E-06     7.8565E-07
     6.2002E+00     4.5243E-06     0.0000E+00
     6.2002E+00     4.3927E-06     0.0000E+00
     6.2454E+00     4.3927E-06     7.4358E-07
     6.2907E+00     4.3927E-06     0.0000E+00
     6.2907E+00     5.1529E-06     0.0000E+00
     6.3353E+00     5.1529E-06     9.3712E-07
     6.3799E+00     5.1529E-06     0.0000E+00
     6.3799E+00     3.9210E-06     0.0000E+00
     6.4239E+00     3.9210E-06     7.6270E-07
     6.4679E+00     3.9210E-06     0.0000E+00
     6.4679E+00     5.0512E-06     0.0000E+00
     6.5113E+00     5.0512E-06     8.6745E-07
     6.5548E+00     5.0512E-06     0.0000E+00
     6.5548E+00     3.4827E-06     0.0000E+00
     6.5976E+00     3.4827E-06     7.5578E-07
     6.6404E+00     3.4827E-06     0.0000E+00
     6.6404E+00     3.5260E-06     0.0000E+00
     6.6827E+00     3.5260E-06     6.5034E-07
     6.7250E+00     3.5260E-06     0.0000E+00
     6.7250E+00     4.0272E-06     0.0000E+00
     6.7668E+00     4.0272E-06     8.1757E-07
     6.8086E+00     4.0272E-06     0.0000E+00
     6.8086E+00     3.2232E-06     0.0000E+00
     6.8498E+00     3.2232E-06     6.7241E-07
     6.8911E+00     3.2232E-06     0.0000E+00
     6.8911E+00     3.5282E-06     0.0000E+00
     6.9319E+00     3.5282E-06     8.6048E-07
     6.9727E+00     3.5282E-06     0.0000E+00
     6.9727E+00     3.7116E-06     0.0000E+00
     7.0130E+00     3.7116E-06     7.1442E-07
     7.0533E+00     3.7116E-06     0.0000E+00
     7.0533E+00     1.9688E-06     0.0000E+00
     7.0931E+00     1.9688E-06     4.9832E-07
     7.1330E+00     1.9688E-06     0.0000E+00
     7.1330E+00     3.7864E-06     0.0000E+00
     7.1724E+00     3.7864E-06     7.6900E-07
     7.2118E+00     3.7864E-06     0.0000E+00
     7.2118E+00     3.2228E-06     0.0000E+00
     7.2508E+00     3.2228E-06     6.8850E-07
     7.2898E+00     3.2228E-06     0.0000E+00
     7.2898E+00     2.0145E-06     0.0000E+00
     7.3283E+00     2.0145E-06     5.6961E-07
     7.3669E+00     2.0145E-06     0.0000E+00
     7.3669E+00     2.7280E-06     0.0000E+00
     7.4051E+00     2.7280E-06     7.1489E-07
     7.4433E+00     2.7280E-06     0.0000E+00
     7.4433E+00     2.1971E-06     0.0000E+00
     7.4810E+00     2.1971E-06     5.9116E-07
     7.5188E+00     2.1971E-06     0.0000E+00
     7.5188E+00     3.0974E-06     0.0000E+00
     7.5562E+00     3.0974E-06     7.9911E-07
     7.5936E+00     3.0974E-06     0.0000E+00
     7.5936E+00     3.0369E-06     0.0000E+00
     7.6307E+00     3.0369E-06     7.0316E-07
     7.6677E+00     3.0369E-06     0.0000E+00
     7.6677E+00     9.3765E-07     0.0000E+00
     7.7044E+00     9.3765E-07     2.9308E-07
     7.7411E+00     9.3765E-07     0.0000E+00
     7.7411E+00     2.4968E-06     0.0000E+00
     7.7774E+00     2.4968E-06     5.6875E-07
     7.8138E+00     2.4968E-06     0.0000E+00
     7.8138E+00     1.7936E-06     0.0000E+00
     7.8498E+00     1.7936E-06     4.3602E-07
     7.8858E+00     1.7936E-06     0.0000E+00
     7.8858E+00     1.8691E-06     0.0000E+00
     7.9215E+00     1.8691E-06     5.4379E-07
     7.9572E+00     1.8691E-06     0.0000E+00
     7.9572E+00     1.0175E-06     0.0000E+00
     7.9925E+00     1.0175E-06     4.0176E-07
     8.0279E+00     1.0175E-06     0.0000E+00
     8.0279E+00     1.3499E-06     0.0000E+00
     8.0630E+00     1.3499E-06     3.3615E-07
     8.0980E+00     1.3499E-06     0.0000E+00
     8.0980E+00     1.7736E-06     0.0000E+00
     8.1328E+00     1.7736E-06     5.7281E-07
     8.1675E+00     1.7736E-06     0.0000E+00
     8.1675E+00     1.0232E-06     0.0000E+00
     8.2020E+00     1.0232E-06     2.9308E-07
     8.2365E+00     1.0232E-06     0.0000E+00
     8.2365E+00     2.0571E-06     0.0000E+00
     8.2706E+00     2.0571E-06     5.3929E-07
     8.3048E+00     2.0571E-06     0.0000E+00
     8.3048E+00     1.2903E-06     0.0000E+00
     8.3387E+00     1.2903E-06     3.8267E-07
     8.3726E+00     1.2903E-06     0.0000E+00
     8.3726E+00     1.1721E-06     0.0000E+00
     8.4062E+00     1.1721E-06     3.6330E-07
     8.4399E+00     1.1721E-06     0.0000E+00
     8.4399E+00     7.1634E-07     0.0000E+00
     8.4732E+00     7.1634E-07     3.5099E-07
     8.5066E+00     7.1634E-07     0.0000E+00
     8.5066E+00     8.1985E-07     0.0000E+00
     8.5397E+00     8.1985E-07     2.6364E-07
     8.5728E+00     8.1985E-07     0.0000E+00
     8.5728E+00     1.3804E-06     0.0000E+00
     8.6056E+00     1.3804E-06     4.0328E-07
     8.6385E+00     1.3804E-06     0.0000E+00
     8.6385E+00     1.3210E-06     0.0000E+00
     8.6711E+00     1.3210E-06     4.3008E-07
     8.7037E+00     1.3210E-06     0.0000E+00
     8.7037E+00     8.7348E-07     0.0000E+00
     8.7360E+00     8.7348E-07     3.0128E-07
     8.7684E+00     8.7348E-07     0.0000E+00
     8.7684E+00     1.0482E-06     0.0000E+00
     8.8005E+00     1.0482E-06     3.3759E-07
     8.8326E+00     1.0482E-06     0.0000E+00
     8.8326E+00     1.3976E-06     0.0000E+00
     8.8645E+00     1.3976E-06     4.5511E-07
     8.8964E+00     1.3976E-06     0.0000E+00
     8.8964E+00     7.1960E-07     0.0000E+00
     8.9280E+00     7.1960E-07     2.7781E-07
     8.9597E+00     7.1960E-07     0.0000E+00
     8.9597E+00     3.8281E-07     0.0000E+00
     8.9911E+00     3.8281E-07     1.4366E-07
     9.0226E+00     3.8281E-07     0.0000E+00
     9.0226E+00     6.3044E-07     0.0000E+00
     9.0538E+00     6.3044E-07     3.8495E-07
     9.0850E+00     6.3044E-07     0.0000E+00
     9.0850E+00     5.0231E-07     0.0000E+00
     9.1160E+00     5.0231E-07     2.1608E-07
     9.1470E+00     5.0231E-07     0.0000E+00
     9.1470E+00     3.4403E-07     0.0000E+00
     9.1778E+00     3.4403E-07     1.4317E-07
     9.2086E+00     3.4403E-07     0.0000E+00
     9.2086E+00     5.9936E-07     0.0000E+00
     9.2392E+00     5.9936E-07     4.5239E-07
     9.2698E+00     5.9936E-07     0.0000E+00
     9.2698E+00     6.9031E-07     0.0000E+00
     9.3002E+00     6.9031E-07     2.8475E-07
     9.3306E+00     6.9031E-07     0.0000E+00
     9.3306E+00     7.4968E-07     0.0000E+00
     9.3608E+00     7.4968E-07     2.5947E-07
     9.3910E+00     7.4968E-07     0.0000E+00
     9.3910E+00     6.7451E-07     0.0000E+00
     9.4210E+00     6.7451E-07     3.0276E-07
     9.4510E+00     6.7451E-07     0.0000E+00
     9.4510E+00     5.4346E-07     0.0000E+00
     9.4808E+00     5.4346E-07     2.5858E-07
     9.5106E+00     5.4346E-07     0.0000E+00
     9.5106E+00     1.3302E-05     0.0000E+00
     9.5403E+00     1.3302E-05     9.9384E-06
     9.5699E+00     1.3302E-05     0.0000E+00
     9.5699E+00     3.9366E-07     0.0000E+00
     9.5993E+00     3.9366E-07     2.3784E-07
     9.6288E+00     3.9366E-07     0.0000E+00
     9.6288E+00     2.9018E-06     0.0000E+00
     9.6581E+00     2.9018E-06     2.3151E-06
     9.6873E+00     2.9018E-06     0.0000E+00
     9.6873E+00     7.8214E-07     0.0000E+00
     9.7164E+00     7.8214E-07     3.5375E-07
     9.7455E+00     7.8214E-07     0.0000E+00
     9.7455E+00     2.3804E-07     0.0000E+00
     9.7744E+00     2.3804E-07     1.4127E-07
     9.8033E+00     2.3804E-07     0.0000E+00
     9.8033E+00     6.7973E-07     0.0000E+00
     9.8321E+00     6.7973E-07     3.4541E-07
     9.8608E+00     6.7973E-07     0.0000E+00
     9.8608E+00     2.0669E-07     0.0000E+00
     9.8894E+00     2.0669E-07     1.0870E-07
     9.9180E+00     2.0669E-07     0.0000E+00
     9.9180E+00     2.2438E-07     0.0000E+00
     9.9464E+00     2.2438E-07     1.0797E-07
     9.9748E+00     2.2438E-07     0.0000E+00
     9.9748E+00     3.8029E-18     0.0000E+00
     1.0003E+01     3.8029E-18     0.0000E+00
     1.0031E+01     3.8029E-18     0.0000E+00
     1.0031E+01     1.2130E-07     0.0000E+00
     1.0059E+01     1.2130E-07     1.2129E-07
     1.0088E+01     1.2130E-07     0.0000E+00
     1.0088E+01     5.4126E-08     0.0000E+00
     1.0115E+01     5.4126E-08     5.4121E-08
     1.0143E+01     5.4126E-08     0.0000E+00
     1.0143E+01     5.7772E-08     0.0000E+00
     1.0171E+01     5.7772E-08     5.7766E-08
     1.0199E+01     5.7772E-08     0.0000E+00
     1.0199E+01     2.7851E-06     0.0000E+00
     1.0227E+01     2.7851E-06     2.7848E-06
     1.0254E+01     2.7851E-06     0.0000E+00
     1.0254E+01     2.4099E-07     0.0000E+00
     1.0282E+01     2.4099E-07     1.4266E-07
     1.0309E+01     2.4099E-07     0.0000E+00
     1.0309E+01     4.0243E-07     0.0000E+00
     1.0337E+01     4.0243E-07     2.8527E-07
     1.0364E+01     4.0243E-07     0.0000E+00
     1.0364E+01     1.8417E-07     0.0000E+00
     1.0391E+01     1.8417E-07     1.5200E-07
     1.0418E+01     1.8417E-07     0.0000E+00
     1.0418E+01     2.9116E-07     0.0000E+00
     1.0445E+01     2.9116E-07     2.9114E-07
     1.0473E+01     2.9116E-07     0.0000E+00
     1.0473E+01     1.7047E-07     0.0000E+00
     1.0499E+01     1.7047E-07     1.2721E-07
     1.0526E+01     1.7047E-07     0.0000E+00
     1.0526E+01     3.8029E-18     0.0000E+00
     1.0553E+01     3.8029E-18     0.0000E+00
     1.0580E+01     3.8029E-18     0.0000E+00
     1.0580E+01     3.8029E-18     0.0000E+00
     1.0607E+01     3.8029E-18     0.0000E+00
     1.0633E+01     3.8029E-18     0.0000E+00
     1.0633E+01     7.0742E-08     0.0000E+00
     1.0660E+01     7.0742E-08     7.0735E-08
     1.0686E+01     7.0742E-08     0.0000E+00
     1.0686E+01     2.5495E-07     0.0000E+00
     1.0713E+01     2.5495E-07     2.5493E-07
     1.0739E+01     2.5495E-07     0.0000E+00
     1.0739E+01     3.4490E-07     0.0000E+00
     1.0765E+01     3.4490E-07     3.4486E-07
     1.0792E+01     3.4490E-07     0.0000E+00
     1.0792E+01     3.1157E-07     0.0000E+00
     1.0818E+01     3.1157E-07     2.3632E-07
     1.0844E+01     3.1157E-07     0.0000E+00
     1.0844E+01     2.0400E-07     0.0000E+00
     1.0870E+01     2.0400E-07     2.0398E-07
     1.0896E+01     2.0400E-07     0.0000E+00
     1.0896E+01     1.4837E-07     0.0000E+00
     1.0922E+01     1.4837E-07     1.4836E-07
     1.0948E+01     1.4837E-07     0.0000E+00
     1.0948E+01     8.0419E-08     0.0000E+00
     1.0973E+01     8.0419E-08     8.0411E-08
     1.0999E+01     8.0419E-08     0.0000E+00
     1.0999E+01     3.8029E-18     0.0000E+00
     1.1025E+01     3.8029E-18     0.0000E+00
     1.1050E+01     3.8029E-18     0.0000E+00
     1.1050E+01     1.6606E-07     0.0000E+00
     1.1076E+01     1.6606E-07     1.6604E-07
     1.1101E+01     1.6606E-07     0.0000E+00
     1.1101E+01     3.8029E-18     0.0000E+00
     1.1127E+01     3.8029E-18     0.0000E+00
     1.1152E+01     3.8029E-18     0.0000E+00
     1.1152E+01     3.8029E-18     0.0000E+00
     1.1178E+01     3.8029E-18     0.0000E+00
     1.1203E+01     3.8029E-18     0.0000E+00
     1.1203E+01     3.8029E-18     0.0000E+00
     1.1228E+01     3.8029E-18     0.0000E+00
     1.1253E+01     3.8029E-18     0.0000E+00
     1.1253E+01     3.8029E-18     0.0000E+00
     1.1278E+01     3.8029E-18     0.0000E+00
     1.1303E+01     3.8029E-18     0.0000E+00
     1.1303E+01     1.5840E-07     0.0000E+00
     1.1328E+01     1.5840E-07     1.5839E-07
     1.1353E+01     1.5840E-07     0.0000E+00
     1.1353E+01     3.8029E-18     0.0000E+00
     1.1378E+01     3.8029E-18     0.0000E+00
     1.1403E+01     3.8029E-18     0.0000E+00
     1.1403E+01     8.5426E-06     0.0000E+00
     1.1428E+01     8.5426E-06     8.5418E-06
     1.1452E+01     8.5426E-06     0.0000E+00
     1.1452E+01     1.4334E-07     0.0000E+00
     1.1477E+01     1.4334E-07     1.4332E-07
     1.1502E+01     1.4334E-07     0.0000E+00
     1.1502E+01     3.8029E-18     0.0000E+00
     1.1526E+01     3.8029E-18     0.0000E+00
     1.1551E+01     3.8029E-18     0.0000E+00
     1.1551E+01     2.5252E-07     0.0000E+00
     1.1575E+01     2.5252E-07     2.5250E-07
     1.1599E+01     2.5252E-07     0.0000E+00
     1.1599E+01     6.8316E-08     0.0000E+00
     1.1624E+01     6.8316E-08     6.8309E-08
     1.1648E+01     6.8316E-08     0.0000E+00
     1.1648E+01     3.8029E-18     0.0000E+00
     1.1672E+01     3.8029E-18     0.0000E+00
     1.1697E+01     3.8029E-18     0.0000E+00
     1.1697E+01     4.6521E-07     0.0000E+00
     1.1721E+01     4.6521E-07     4.2240E-07
     1.1745E+01     4.6521E-07     0.0000E+00
     1.1745E+01     3.8029E-18     0.0000E+00
     1.1769E+01     3.8029E-18     0.0000E+00
     1.1793E+01     3.8029E-18     0.0000E+00
     1.1793E+01     7.3372E-08     0.0000E+00
     1.1817E+01     7.3372E-08     7.3365E-08
     1.1841E+01     7.3372E-08     0.0000E+00
     1.1841E+01     2.1989E-07     0.0000E+00
     1.1864E+01     2.1989E-07     1.5802E-07
     1.1888E+01     2.1989E-07     0.0000E+00
     1.1888E+01     3.8029E-18     0.0000E+00
     1.1912E+01     3.8029E-18     0.0000E+00
     1.1936E+01     3.8029E-18     0.0000E+00
     1.1936E+01     3.8029E-18     0.0000E+00
     1.1959E+01     3.8029E-18     0.0000E+00
     1.1983E+01     3.8029E-18     0.0000E+00
     1.1983E+01     3.8029E-18     0.0000E+00
     1.2007E+01     3.8029E-18     0.0000E+00
     1.2030E+01     3.8029E-18     0.0000E+00
     1.2030E+01     1.7777E-07     0.0000E+00
     1.2054E+01     1.7777E-07     1.2671E-07
     1.2077E+01     1.7777E-07     0.0000E+00
     1.2077E+01     3.8029E-18     0.0000E+00
     1.2100E+01     3.8029E-18     0.0000E+00
     1.2124E+01     3.8029E-18     0.0000E+00
     1.2124E+01     3.8029E-18     0.0000E+00
     1.2147E+01     3.8029E-18     0.0000E+00
     1.2170E+01     3.8029E-18     0.0000E+00
     1.2170E+01     2.9146E-07     0.0000E+00
     1.2193E+01     2.9146E-07     2.9144E-07
     1.2217E+01     2.9146E-07     0.0000E+00
     1.2217E+01     3.8029E-18     0.0000E+00
     1.2240E+01     3.8029E-18     0.0000E+00
     1.2263E+01     3.8029E-18     0.0000E+00
     1.2263E+01     3.8029E-18     0.0000E+00
     1.2286E+01     3.8029E-18     0.0000E+00
     1.2309E+01     3.8029E-18     0.0000E+00
     1.2309E+01     3.8029E-18     0.0000E+00
     1.2332E+01     3.8029E-18     0.0000E+00
     1.2355E+01     3.8029E-18     0.0000E+00
     1.2355E+01     1.0732E-07     0.0000E+00
     1.2378E+01     1.0732E-07     1.0731E-07
     1.2400E+01     1.0732E-07     0.0000E+00
     1.2400E+01     2.9804E-07     0.0000E+00
     1.2423E+01     2.9804E-07     2.1310E-07
     1.2446E+01     2.9804E-07     0.0000E+00
     1.2446E+01     6.1906E-08     0.0000E+00
     1.2469E+01     6.1906E-08     6.1900E-08
     1.2491E+01     6.1906E-08     0.0000E+00
     1.2491E+01     3.8029E-18     0.0000E+00
     1.2514E+01     3.8029E-18     0.0000E+00
     1.2536E+01     3.8029E-18     0.0000E+00
     1.2536E+01     3.8029E-18     0.0000E+00
     1.2559E+01     3.8029E-18     0.0000E+00
     1.2581E+01     3.8029E-18     0.0000E+00
     1.2581E+01     3.8029E-18     0.0000E+00
     1.2604E+01     3.8029E-18     0.0000E+00
     1.2626E+01     3.8029E-18     0.0000E+00
     1.2626E+01     2.5710E-07     0.0000E+00
     1.2649E+01     2.5710E-07     2.1055E-07
     1.2671E+01     2.5710E-07     0.0000E+00
     1.2671E+01     2.7396E-07     0.0000E+00
     1.2693E+01     2.7396E-07     2.7393E-07
     1.2715E+01     2.7396E-07     0.0000E+00
     1.2715E+01     3.8029E-18     0.0000E+00
     1.2738E+01     3.8029E-18     0.0000E+00
     1.2760E+01     3.8029E-18     0.0000E+00
     1.2760E+01     3.8281E-07     0.0000E+00
     1.2782E+01     3.8281E-07     3.8277E-07
     1.2804E+01     3.8281E-07     0.0000E+00
     1.2804E+01     1.3607E-07     0.0000E+00
     1.2826E+01     1.3607E-07     1.3605E-07
     1.2848E+01     1.3607E-07     0.0000E+00
     1.2848E+01     5.1506E-08     0.0000E+00
     1.2870E+01     5.1506E-08     5.1501E-08
     1.2892E+01     5.1506E-08     0.0000E+00
     1.2892E+01     2.4551E-07     0.0000E+00
     1.2914E+01     2.4551E-07     1.9382E-07
     1.2936E+01     2.4551E-07     0.0000E+00
     1.2936E+01     3.8029E-18     0.0000E+00
     1.2958E+01     3.8029E-18     0.0000E+00
     1.2979E+01     3.8029E-18     0.0000E+00
     1.2979E+01     1.5861E-07     0.0000E+00
     1.3001E+01     1.5861E-07     1.5860E-07
     1.3023E+01     1.5861E-07     0.0000E+00
     1.3023E+01     7.4867E-08     0.0000E+00
     1.3045E+01     7.4867E-08     7.4860E-08
     1.3066E+01     7.4867E-08     0.0000E+00
     1.3066E+01     1.4339E-07     0.0000E+00
     1.3088E+01     1.4339E-07     1.0260E-07
     1.3110E+01     1.4339E-07     0.0000E+00
     1.3110E+01     9.2593E-08     0.0000E+00
     1.3131E+01     9.2593E-08     9.2584E-08
     1.3153E+01     9.2593E-08     0.0000E+00
     1.3153E+01     1.7265E-07     0.0000E+00
     1.3174E+01     1.7265E-07     1.7263E-07
     1.3195E+01     1.7265E-07     0.0000E+00
     1.3195E+01     3.8029E-18     0.0000E+00
     1.3217E+01     3.8029E-18     0.0000E+00
     1.3238E+01     3.8029E-18     0.0000E+00
     1.3238E+01     3.8029E-18     0.0000E+00
     1.3260E+01     3.8029E-18     0.0000E+00
     1.3281E+01     3.8029E-18     0.0000E+00
     1.3281E+01     3.8029E-18     0.0000E+00
     1.3302E+01     3.8029E-18     0.0000E+00
     1.3323E+01     3.8029E-18     0.0000E+00
     1.3323E+01     3.8029E-18     0.0000E+00
     1.3345E+01     3.8029E-18     0.0000E+00
     1.3366E+01     3.8029E-18     0.0000E+00
     1.3366E+01     3.8029E-18     0.0000E+00
     1.3387E+01     3.8029E-18     0.0000E+00
     1.3408E+01     3.8029E-18     0.0000E+00
     1.3408E+01     8.4495E-08     0.0000E+00
     1.3429E+01     8.4495E-08     8.4487E-08
     1.3450E+01     8.4495E-08     0.0000E+00
     1.3450E+01     3.8029E-18     0.0000E+00
     1.3471E+01     3.8029E-18     0.0000E+00
     1.3492E+01     3.8029E-18     0.0000E+00
     1.3492E+01     3.8029E-18     0.0000E+00
     1.3513E+01     3.8029E-18     0.0000E+00
     1.3534E+01     3.8029E-18     0.0000E+00
     1.3534E+01     9.3357E-08     0.0000E+00
     1.3555E+01     9.3357E-08     9.3348E-08
     1.3576E+01     9.3357E-08     0.0000E+00
     1.3576E+01     3.1334E-07     0.0000E+00
     1.3596E+01     3.1334E-07     2.2164E-07
     1.3617E+01     3.1334E-07     0.0000E+00
     1.3617E+01     3.8029E-18     0.0000E+00
     1.3638E+01     3.8029E-18     0.0000E+00
     1.3659E+01     3.8029E-18     0.0000E+00
     1.3659E+01     3.8029E-18     0.0000E+00
     1.3679E+01     3.8029E-18     0.0000E+00
     1.3700E+01     3.8029E-18     0.0000E+00
     1.3700E+01     3.8029E-18     0.0000E+00
     1.3721E+01     3.8029E-18     0.0000E+00
     1.3741E+01     3.8029E-18     0.0000E+00
     1.3741E+01     3.8029E-18     0.0000E+00
     1.3762E+01     3.8029E-18     0.0000E+00
     1.3782E+01     3.8029E-18     0.0000E+00
     1.3782E+01     3.8029E-18     0.0000E+00
     1.3803E+01     3.8029E-18     0.0000E+00
     1.3823E+01     3.8029E-18     0.0000E+00
     1.3823E+01     3.8029E-18     0.0000E+00
     1.3844E+01     3.8029E-18     0.0000E+00
     1.3864E+01     3.8029E-18     0.0000E+00
     1.3864E+01     4.4392E-08     0.0000E+00
     1.3884E+01     4.4392E-08     4.4387E-08
     1.3905E+01     4.4392E-08     0.0000E+00
     1.3905E+01     2.6974E-07     0.0000E+00
     1.3925E+01     2.6974E-07     2.1478E-07
     1.3945E+01     2.6974E-07     0.0000E+00
     1.3945E+01     3.8029E-18     0.0000E+00
     1.3966E+01     3.8029E-18     0.0000E+00
     1.3986E+01     3.8029E-18     0.0000E+00
     1.3986E+01     1.0119E-07     0.0000E+00
     1.4006E+01     1.0119E-07     1.0118E-07
     1.4026E+01     1.0119E-07     0.0000E+00
     1.4026E+01     2.2467E-07     0.0000E+00
     1.4046E+01     2.2467E-07     2.2465E-07
     1.4066E+01     2.2467E-07     0.0000E+00
     1.4066E+01     3.8029E-18     0.0000E+00
     1.4086E+01     3.8029E-18     0.0000E+00
     1.4107E+01     3.8029E-18     0.0000E+00
     1.4107E+01     1.9638E-07     0.0000E+00
     1.4127E+01     1.9638E-07     1.3901E-07
     1.4147E+01     1.9638E-07     0.0000E+00
     1.4147E+01     2.3743E-07     0.0000E+00
     1.4167E+01     2.3743E-07     2.3741E-07
     1.4186E+01     2.3743E-07     0.0000E+00
     1.4186E+01     3.9785E-08     0.0000E+00
     1.4206E+01     3.9785E-08     3.9781E-08
     1.4226E+01     3.9785E-08     0.0000E+00
     1.4226E+01     3.8029E-18     0.0000E+00
     1.4246E+01     3.8029E-18     0.0000E+00
     1.4266E+01     3.8029E-18     0.0000E+00
     1.4266E+01     3.8029E-18     0.0000E+00
     1.4286E+01     3.8029E-18     0.0000E+00
     1.4306E+01     3.8029E-18     0.0000E+00
     1.4306E+01     5.1783E-08     0.0000E+00
     1.4325E+01     5.1783E-08     5.1778E-08
     1.4345E+01     5.1783E-08     0.0000E+00
     1.4345E+01     1.0444E-07     0.0000E+00
     1.4365E+01     1.0444E-07     1.0443E-07
     1.4384E+01     1.0444E-07     0.0000E+00
     1.4384E+01     3.8029E-18     0.0000E+00
     1.4404E+01     3.8029E-18     0.0000E+00
     1.4424E+01     3.8029E-18     0.0000E+00
     1.4424E+01     3.8029E-18     0.0000E+00
     1.4443E+01     3.8029E-18     0.0000E+00
     1.4463E+01     3.8029E-18     0.0000E+00
     1.4463E+01     7.6025E-08     0.0000E+00
     1.4482E+01     7.6025E-08     7.6018E-08
     1.4502E+01     7.6025E-08     0.0000E+00
     1.4502E+01     3.8029E-18     0.0000E+00
     1.4521E+01     3.8029E-18     0.0000E+00
     1.4541E+01     3.8029E-18     0.0000E+00
     1.4541E+01     8.8877E-08     0.0000E+00
     1.4560E+01     8.8877E-08     8.8868E-08
     1.4580E+01     8.8877E-08     0.0000E+00
     1.4580E+01     3.8029E-08     0.0000E+00
     1.4599E+01     3.8029E-08     3.8026E-08
     1.4618E+01     3.8029E-08     0.0000E+00
     1.4618E+01     3.8029E-18     0.0000E+00
     1.4638E+01     3.8029E-18     0.0000E+00
     1.4657E+01     3.8029E-18     0.0000E+00
     1.4657E+01     3.3456E-07     0.0000E+00
     1.4676E+01     3.3456E-07     2.4258E-07
     1.4695E+01     3.3456E-07     0.0000E+00
     1.4695E+01     3.8029E-18     0.0000E+00
     1.4715E+01     3.8029E-18     0.0000E+00
     1.4734E+01     3.8029E-18     0.0000E+00
     1.4734E+01     3.8029E-18     0.0000E+00
     1.4753E+01     3.8029E-18     0.0000E+00
     1.4772E+01     3.8029E-18     0.0000E+00
     1.4772E+01     3.8029E-18     0.0000E+00
     1.4791E+01     3.8029E-18     0.0000E+00
     1.4810E+01     3.8029E-18     0.0000E+00
     1.4810E+01     3.8029E-18     0.0000E+00
     1.4829E+01     3.8029E-18     0.0000E+00
     1.4848E+01     3.8029E-18     0.0000E+00
     1.4848E+01     1.8738E-05     0.0000E+00
     1.4867E+01     1.8738E-05     1.8736E-05
     1.4887E+01     1.8738E-05     0.0000E+00
     1.4887E+01     3.8029E-18     0.0000E+00
     1.4905E+01     3.8029E-18     0.0000E+00
     1.4924E+01     3.8029E-18     0.0000E+00
     1.4924E+01     3.8029E-18     0.0000E+00
     1.4943E+01     3.8029E-18     0.0000E+00
     1.4962E+01     3.8029E-18     0.0000E+00
     1.4962E+01     3.8029E-18     0.0000E+00
     1.4981E+01     3.8029E-18     0.0000E+00
     1.5000E+01     3.8029E-18     0.0000E+00
     1.5000E+01     3.8029E-23     0.0000E+00
&
