@g0 type xy 
@    title "energy fluence vs position"
@    subtitle "/home/miia/EGSnrc/egs_home/BEAM_EX16MVp/EX16MVp.egsphsp1"
@    legend on
@    legend box linestyle 0
@    legend x1 0.6
@    legend y1 0.75
@    view xmin 0.250000
@    xaxis  label "X /cm"
@    timestamp on
@    yaxis  label "energy fluence/incident particle /MeV cm\\S-2\\N)"
@    s0 on
@    legend string  0 "IQ = 0 EXCL BIT #:  2  3  4 10 11"
@    s0 errorbar length 0.000000
@    s0 symbol color 1
@TYPE xydy
     7.0888E-10     5.9923E-23     0.0000E+00
     7.0888E-10     9.3085E-05     0.0000E+00
     3.5444E+00     9.3085E-05     1.1490E-06
     7.0888E+00     9.3085E-05     0.0000E+00
     7.0888E+00     5.9923E-08     0.0000E+00
     8.5570E+00     5.9923E-08     1.4175E-08
     1.0025E+01     5.9923E-08     0.0000E+00
     1.0025E+01     5.9923E-18     0.0000E+00
     1.1152E+01     5.9923E-18     0.0000E+00
     1.2278E+01     5.9923E-18     0.0000E+00
     1.2278E+01     5.9923E-18     0.0000E+00
     1.3228E+01     5.9923E-18     0.0000E+00
     1.4178E+01     5.9923E-18     0.0000E+00
     1.4178E+01     4.2161E-07     0.0000E+00
     1.5014E+01     4.2161E-07     4.2157E-07
     1.5851E+01     4.2161E-07     0.0000E+00
     1.5851E+01     5.9923E-18     0.0000E+00
     1.6608E+01     5.9923E-18     0.0000E+00
     1.7364E+01     5.9923E-18     0.0000E+00
     1.7364E+01     5.9923E-18     0.0000E+00
     1.8060E+01     5.9923E-18     0.0000E+00
     1.8755E+01     5.9923E-18     0.0000E+00
     1.8755E+01     5.9923E-18     0.0000E+00
     1.9403E+01     5.9923E-18     0.0000E+00
     2.0050E+01     5.9923E-18     0.0000E+00
     2.0050E+01     5.9923E-18     0.0000E+00
     2.0658E+01     5.9923E-18     0.0000E+00
     2.1266E+01     5.9923E-18     0.0000E+00
     2.1266E+01     5.9923E-18     0.0000E+00
     2.1842E+01     5.9923E-18     0.0000E+00
     2.2417E+01     5.9923E-18     0.0000E+00
     2.2417E+01     5.9923E-18     0.0000E+00
     2.2964E+01     5.9923E-18     0.0000E+00
     2.3511E+01     5.9923E-18     0.0000E+00
     2.3511E+01     5.9923E-18     0.0000E+00
     2.4034E+01     5.9923E-18     0.0000E+00
     2.4556E+01     5.9923E-18     0.0000E+00
     2.4556E+01     5.9923E-18     0.0000E+00
     2.5058E+01     5.9923E-18     0.0000E+00
     2.5559E+01     5.9923E-18     0.0000E+00
     2.5559E+01     5.9923E-18     0.0000E+00
     2.6041E+01     5.9923E-18     0.0000E+00
     2.6524E+01     5.9923E-18     0.0000E+00
     2.6524E+01     5.9923E-18     0.0000E+00
     2.6989E+01     5.9923E-18     0.0000E+00
     2.7455E+01     5.9923E-18     0.0000E+00
     2.7455E+01     5.9923E-18     0.0000E+00
     2.7905E+01     5.9923E-18     0.0000E+00
     2.8355E+01     5.9923E-18     0.0000E+00
     2.8355E+01     5.9923E-18     0.0000E+00
     2.8792E+01     5.9923E-18     0.0000E+00
     2.9228E+01     5.9923E-18     0.0000E+00
     2.9228E+01     5.9923E-18     0.0000E+00
     2.9652E+01     5.9923E-18     0.0000E+00
     3.0075E+01     5.9923E-18     0.0000E+00
     3.0075E+01     5.9923E-18     0.0000E+00
     3.0487E+01     5.9923E-18     0.0000E+00
     3.0899E+01     5.9923E-18     0.0000E+00
     3.0899E+01     5.9923E-18     0.0000E+00
     3.1301E+01     5.9923E-18     0.0000E+00
     3.1702E+01     5.9923E-18     0.0000E+00
     3.1702E+01     5.9923E-18     0.0000E+00
     3.2094E+01     5.9923E-18     0.0000E+00
     3.2485E+01     5.9923E-18     0.0000E+00
     3.2485E+01     5.9923E-18     0.0000E+00
     3.2867E+01     5.9923E-18     0.0000E+00
     3.3249E+01     5.9923E-18     0.0000E+00
     3.3249E+01     5.9923E-18     0.0000E+00
     3.3623E+01     5.9923E-18     0.0000E+00
     3.3997E+01     5.9923E-18     0.0000E+00
     3.3997E+01     5.9923E-18     0.0000E+00
     3.4362E+01     5.9923E-18     0.0000E+00
     3.4728E+01     5.9923E-18     0.0000E+00
     3.4728E+01     5.9923E-18     0.0000E+00
     3.5086E+01     5.9923E-18     0.0000E+00
     3.5444E+01     5.9923E-18     0.0000E+00
     3.5444E+01     5.9923E-18     0.0000E+00
     3.5795E+01     5.9923E-18     0.0000E+00
     3.6146E+01     5.9923E-18     0.0000E+00
     3.6146E+01     5.9923E-18     0.0000E+00
     3.6490E+01     5.9923E-18     0.0000E+00
     3.6835E+01     5.9923E-18     0.0000E+00
     3.6835E+01     5.9923E-18     0.0000E+00
     3.7173E+01     5.9923E-18     0.0000E+00
     3.7510E+01     5.9923E-18     0.0000E+00
     3.7510E+01     5.9923E-18     0.0000E+00
     3.7842E+01     5.9923E-18     0.0000E+00
     3.8174E+01     5.9923E-18     0.0000E+00
     3.8174E+01     5.9923E-18     0.0000E+00
     3.8501E+01     5.9923E-18     0.0000E+00
     3.8827E+01     5.9923E-18     0.0000E+00
     3.8827E+01     5.9923E-18     0.0000E+00
     3.9148E+01     5.9923E-18     0.0000E+00
     3.9469E+01     5.9923E-18     0.0000E+00
     3.9469E+01     5.9923E-18     0.0000E+00
     3.9785E+01     5.9923E-18     0.0000E+00
     4.0100E+01     5.9923E-18     0.0000E+00
     4.0100E+01     5.9923E-18     0.0000E+00
     4.0411E+01     5.9923E-18     0.0000E+00
     4.0722E+01     5.9923E-18     0.0000E+00
     4.0722E+01     5.9923E-18     0.0000E+00
     4.1028E+01     5.9923E-18     0.0000E+00
     4.1335E+01     5.9923E-18     0.0000E+00
     4.1335E+01     5.9923E-18     0.0000E+00
     4.1636E+01     5.9923E-18     0.0000E+00
     4.1938E+01     5.9923E-18     0.0000E+00
     4.1938E+01     5.9923E-18     0.0000E+00
     4.2235E+01     5.9923E-18     0.0000E+00
     4.2533E+01     5.9923E-18     0.0000E+00
     4.2533E+01     5.9923E-18     0.0000E+00
     4.2826E+01     5.9923E-18     0.0000E+00
     4.3120E+01     5.9923E-18     0.0000E+00
     4.3120E+01     5.9923E-18     0.0000E+00
     4.3409E+01     5.9923E-18     0.0000E+00
     4.3698E+01     5.9923E-18     0.0000E+00
     4.3698E+01     5.9923E-18     0.0000E+00
     4.3984E+01     5.9923E-18     0.0000E+00
     4.4270E+01     5.9923E-18     0.0000E+00
     4.4270E+01     5.9923E-18     0.0000E+00
     4.4552E+01     5.9923E-18     0.0000E+00
     4.4834E+01     5.9923E-18     0.0000E+00
     4.4834E+01     5.9923E-18     0.0000E+00
     4.5112E+01     5.9923E-18     0.0000E+00
     4.5391E+01     5.9923E-18     0.0000E+00
     4.5391E+01     5.9923E-18     0.0000E+00
     4.5666E+01     5.9923E-18     0.0000E+00
     4.5941E+01     5.9923E-18     0.0000E+00
     4.5941E+01     5.9923E-18     0.0000E+00
     4.6213E+01     5.9923E-18     0.0000E+00
     4.6484E+01     5.9923E-18     0.0000E+00
     4.6484E+01     5.9923E-18     0.0000E+00
     4.6753E+01     5.9923E-18     0.0000E+00
     4.7022E+01     5.9923E-18     0.0000E+00
     4.7022E+01     5.9923E-18     0.0000E+00
     4.7288E+01     5.9923E-18     0.0000E+00
     4.7553E+01     5.9923E-18     0.0000E+00
     4.7553E+01     5.9923E-18     0.0000E+00
     4.7816E+01     5.9923E-18     0.0000E+00
     4.8079E+01     5.9923E-18     0.0000E+00
     4.8079E+01     5.9923E-18     0.0000E+00
     4.8339E+01     5.9923E-18     0.0000E+00
     4.8598E+01     5.9923E-18     0.0000E+00
     4.8598E+01     5.9923E-18     0.0000E+00
     4.8856E+01     5.9923E-18     0.0000E+00
     4.9113E+01     5.9923E-18     0.0000E+00
     4.9113E+01     5.9923E-18     0.0000E+00
     4.9367E+01     5.9923E-18     0.0000E+00
     4.9622E+01     5.9923E-18     0.0000E+00
     4.9622E+01     5.9923E-18     0.0000E+00
     4.9874E+01     5.9923E-18     0.0000E+00
     5.0125E+01     5.9923E-18     0.0000E+00
     5.0125E+01     5.9923E-18     0.0000E+00
     5.0375E+01     5.9923E-18     0.0000E+00
     5.0624E+01     5.9923E-18     0.0000E+00
     5.0624E+01     5.9923E-18     0.0000E+00
     5.0871E+01     5.9923E-18     0.0000E+00
     5.1118E+01     5.9923E-18     0.0000E+00
     5.1118E+01     5.9923E-18     0.0000E+00
     5.1363E+01     5.9923E-18     0.0000E+00
     5.1607E+01     5.9923E-18     0.0000E+00
     5.1607E+01     5.9923E-18     0.0000E+00
     5.1850E+01     5.9923E-18     0.0000E+00
     5.2092E+01     5.9923E-18     0.0000E+00
     5.2092E+01     5.9923E-18     0.0000E+00
     5.2332E+01     5.9923E-18     0.0000E+00
     5.2572E+01     5.9923E-18     0.0000E+00
     5.2572E+01     5.9923E-18     0.0000E+00
     5.2810E+01     5.9923E-18     0.0000E+00
     5.3048E+01     5.9923E-18     0.0000E+00
     5.3048E+01     5.9923E-18     0.0000E+00
     5.3284E+01     5.9923E-18     0.0000E+00
     5.3519E+01     5.9923E-18     0.0000E+00
     5.3519E+01     5.9923E-18     0.0000E+00
     5.3753E+01     5.9923E-18     0.0000E+00
     5.3987E+01     5.9923E-18     0.0000E+00
     5.3987E+01     5.9923E-18     0.0000E+00
     5.4218E+01     5.9923E-18     0.0000E+00
     5.4450E+01     5.9923E-18     0.0000E+00
     5.4450E+01     5.9923E-18     0.0000E+00
     5.4680E+01     5.9923E-18     0.0000E+00
     5.4910E+01     5.9923E-18     0.0000E+00
     5.4910E+01     5.9923E-18     0.0000E+00
     5.5138E+01     5.9923E-18     0.0000E+00
     5.5365E+01     5.9923E-18     0.0000E+00
     5.5365E+01     5.9923E-18     0.0000E+00
     5.5591E+01     5.9923E-18     0.0000E+00
     5.5817E+01     5.9923E-18     0.0000E+00
     5.5817E+01     5.9923E-18     0.0000E+00
     5.6042E+01     5.9923E-18     0.0000E+00
     5.6266E+01     5.9923E-18     0.0000E+00
     5.6266E+01     5.9923E-18     0.0000E+00
     5.6488E+01     5.9923E-18     0.0000E+00
     5.6710E+01     5.9923E-18     0.0000E+00
     5.6710E+01     5.9923E-18     0.0000E+00
     5.6931E+01     5.9923E-18     0.0000E+00
     5.7152E+01     5.9923E-18     0.0000E+00
     5.7152E+01     5.9923E-18     0.0000E+00
     5.7371E+01     5.9923E-18     0.0000E+00
     5.7590E+01     5.9923E-18     0.0000E+00
     5.7590E+01     5.9923E-18     0.0000E+00
     5.7807E+01     5.9923E-18     0.0000E+00
     5.8024E+01     5.9923E-18     0.0000E+00
     5.8024E+01     5.9923E-18     0.0000E+00
     5.8240E+01     5.9923E-18     0.0000E+00
     5.8456E+01     5.9923E-18     0.0000E+00
     5.8456E+01     5.9923E-18     0.0000E+00
     5.8670E+01     5.9923E-18     0.0000E+00
     5.8884E+01     5.9923E-18     0.0000E+00
     5.8884E+01     5.9923E-18     0.0000E+00
     5.9097E+01     5.9923E-18     0.0000E+00
     5.9309E+01     5.9923E-18     0.0000E+00
     5.9309E+01     5.9923E-18     0.0000E+00
     5.9520E+01     5.9923E-18     0.0000E+00
     5.9731E+01     5.9923E-18     0.0000E+00
     5.9731E+01     5.9923E-18     0.0000E+00
     5.9941E+01     5.9923E-18     0.0000E+00
     6.0151E+01     5.9923E-18     0.0000E+00
     6.0151E+01     5.9923E-18     0.0000E+00
     6.0359E+01     5.9923E-18     0.0000E+00
     6.0567E+01     5.9923E-18     0.0000E+00
     6.0567E+01     5.9923E-18     0.0000E+00
     6.0774E+01     5.9923E-18     0.0000E+00
     6.0980E+01     5.9923E-18     0.0000E+00
     6.0980E+01     5.9923E-18     0.0000E+00
     6.1186E+01     5.9923E-18     0.0000E+00
     6.1391E+01     5.9923E-18     0.0000E+00
     6.1391E+01     5.9923E-18     0.0000E+00
     6.1595E+01     5.9923E-18     0.0000E+00
     6.1799E+01     5.9923E-18     0.0000E+00
     6.1799E+01     5.9923E-18     0.0000E+00
     6.2001E+01     5.9923E-18     0.0000E+00
     6.2204E+01     5.9923E-18     0.0000E+00
     6.2204E+01     5.9923E-18     0.0000E+00
     6.2405E+01     5.9923E-18     0.0000E+00
     6.2607E+01     5.9923E-18     0.0000E+00
     6.2607E+01     5.9923E-18     0.0000E+00
     6.2807E+01     5.9923E-18     0.0000E+00
     6.3007E+01     5.9923E-18     0.0000E+00
     6.3007E+01     5.9923E-18     0.0000E+00
     6.3206E+01     5.9923E-18     0.0000E+00
     6.3404E+01     5.9923E-18     0.0000E+00
     6.3404E+01     5.9923E-18     0.0000E+00
     6.3602E+01     5.9923E-18     0.0000E+00
     6.3799E+01     5.9923E-18     0.0000E+00
     6.3799E+01     5.9923E-18     0.0000E+00
     6.3996E+01     5.9923E-18     0.0000E+00
     6.4192E+01     5.9923E-18     0.0000E+00
     6.4192E+01     5.9923E-18     0.0000E+00
     6.4387E+01     5.9923E-18     0.0000E+00
     6.4582E+01     5.9923E-18     0.0000E+00
     6.4582E+01     5.9923E-18     0.0000E+00
     6.4776E+01     5.9923E-18     0.0000E+00
     6.4970E+01     5.9923E-18     0.0000E+00
     6.4970E+01     5.9923E-18     0.0000E+00
     6.5163E+01     5.9923E-18     0.0000E+00
     6.5356E+01     5.9923E-18     0.0000E+00
     6.5356E+01     5.9923E-18     0.0000E+00
     6.5547E+01     5.9923E-18     0.0000E+00
     6.5739E+01     5.9923E-18     0.0000E+00
     6.5739E+01     5.9923E-18     0.0000E+00
     6.5929E+01     5.9923E-18     0.0000E+00
     6.6120E+01     5.9923E-18     0.0000E+00
     6.6120E+01     5.9923E-18     0.0000E+00
     6.6309E+01     5.9923E-18     0.0000E+00
     6.6499E+01     5.9923E-18     0.0000E+00
     6.6499E+01     5.9923E-18     0.0000E+00
     6.6687E+01     5.9923E-18     0.0000E+00
     6.6876E+01     5.9923E-18     0.0000E+00
     6.6876E+01     5.9923E-18     0.0000E+00
     6.7063E+01     5.9923E-18     0.0000E+00
     6.7250E+01     5.9923E-18     0.0000E+00
     6.7250E+01     5.9923E-18     0.0000E+00
     6.7437E+01     5.9923E-18     0.0000E+00
     6.7623E+01     5.9923E-18     0.0000E+00
     6.7623E+01     5.9923E-18     0.0000E+00
     6.7808E+01     5.9923E-18     0.0000E+00
     6.7993E+01     5.9923E-18     0.0000E+00
     6.7993E+01     5.9923E-18     0.0000E+00
     6.8178E+01     5.9923E-18     0.0000E+00
     6.8362E+01     5.9923E-18     0.0000E+00
     6.8362E+01     5.9923E-18     0.0000E+00
     6.8545E+01     5.9923E-18     0.0000E+00
     6.8729E+01     5.9923E-18     0.0000E+00
     6.8729E+01     5.9923E-18     0.0000E+00
     6.8911E+01     5.9923E-18     0.0000E+00
     6.9093E+01     5.9923E-18     0.0000E+00
     6.9093E+01     5.9923E-18     0.0000E+00
     6.9275E+01     5.9923E-18     0.0000E+00
     6.9456E+01     5.9923E-18     0.0000E+00
     6.9456E+01     5.9923E-18     0.0000E+00
     6.9636E+01     5.9923E-18     0.0000E+00
     6.9817E+01     5.9923E-18     0.0000E+00
     6.9817E+01     5.9923E-18     0.0000E+00
     6.9996E+01     5.9923E-18     0.0000E+00
     7.0176E+01     5.9923E-18     0.0000E+00
     7.0176E+01     5.9923E-18     0.0000E+00
     7.0354E+01     5.9923E-18     0.0000E+00
     7.0533E+01     5.9923E-18     0.0000E+00
     7.0533E+01     5.9923E-18     0.0000E+00
     7.0710E+01     5.9923E-18     0.0000E+00
     7.0888E+01     5.9923E-18     0.0000E+00
     7.0888E+01     5.9923E-18     0.0000E+00
     7.1065E+01     5.9923E-18     0.0000E+00
     7.1242E+01     5.9923E-18     0.0000E+00
     7.1242E+01     5.9923E-18     0.0000E+00
     7.1418E+01     5.9923E-18     0.0000E+00
     7.1593E+01     5.9923E-18     0.0000E+00
     7.1593E+01     5.9923E-18     0.0000E+00
     7.1769E+01     5.9923E-18     0.0000E+00
     7.1944E+01     5.9923E-18     0.0000E+00
     7.1944E+01     5.9923E-18     0.0000E+00
     7.2118E+01     5.9923E-18     0.0000E+00
     7.2292E+01     5.9923E-18     0.0000E+00
     7.2292E+01     5.9923E-18     0.0000E+00
     7.2465E+01     5.9923E-18     0.0000E+00
     7.2639E+01     5.9923E-18     0.0000E+00
     7.2639E+01     5.9923E-18     0.0000E+00
     7.2811E+01     5.9923E-18     0.0000E+00
     7.2984E+01     5.9923E-18     0.0000E+00
     7.2984E+01     5.9923E-18     0.0000E+00
     7.3156E+01     5.9923E-18     0.0000E+00
     7.3327E+01     5.9923E-18     0.0000E+00
     7.3327E+01     5.9923E-18     0.0000E+00
     7.3498E+01     5.9923E-18     0.0000E+00
     7.3669E+01     5.9923E-18     0.0000E+00
     7.3669E+01     5.9923E-18     0.0000E+00
     7.3839E+01     5.9923E-18     0.0000E+00
     7.4009E+01     5.9923E-18     0.0000E+00
     7.4009E+01     5.9923E-18     0.0000E+00
     7.4179E+01     5.9923E-18     0.0000E+00
     7.4348E+01     5.9923E-18     0.0000E+00
     7.4348E+01     5.9923E-18     0.0000E+00
     7.4517E+01     5.9923E-18     0.0000E+00
     7.4685E+01     5.9923E-18     0.0000E+00
     7.4685E+01     5.9923E-18     0.0000E+00
     7.4853E+01     5.9923E-18     0.0000E+00
     7.5021E+01     5.9923E-18     0.0000E+00
     7.5021E+01     5.9923E-18     0.0000E+00
     7.5188E+01     5.9923E-18     0.0000E+00
     7.5355E+01     5.9923E-18     0.0000E+00
     7.5355E+01     5.9923E-18     0.0000E+00
     7.5521E+01     5.9923E-18     0.0000E+00
     7.5688E+01     5.9923E-18     0.0000E+00
     7.5688E+01     5.9923E-18     0.0000E+00
     7.5853E+01     5.9923E-18     0.0000E+00
     7.6019E+01     5.9923E-18     0.0000E+00
     7.6019E+01     5.9923E-18     0.0000E+00
     7.6184E+01     5.9923E-18     0.0000E+00
     7.6349E+01     5.9923E-18     0.0000E+00
     7.6349E+01     5.9923E-18     0.0000E+00
     7.6513E+01     5.9923E-18     0.0000E+00
     7.6677E+01     5.9923E-18     0.0000E+00
     7.6677E+01     5.9923E-18     0.0000E+00
     7.6841E+01     5.9923E-18     0.0000E+00
     7.7004E+01     5.9923E-18     0.0000E+00
     7.7004E+01     5.9923E-18     0.0000E+00
     7.7167E+01     5.9923E-18     0.0000E+00
     7.7330E+01     5.9923E-18     0.0000E+00
     7.7330E+01     5.9923E-18     0.0000E+00
     7.7492E+01     5.9923E-18     0.0000E+00
     7.7654E+01     5.9923E-18     0.0000E+00
     7.7654E+01     5.9923E-18     0.0000E+00
     7.7815E+01     5.9923E-18     0.0000E+00
     7.7977E+01     5.9923E-18     0.0000E+00
     7.7977E+01     5.9923E-18     0.0000E+00
     7.8138E+01     5.9923E-18     0.0000E+00
     7.8298E+01     5.9923E-18     0.0000E+00
     7.8298E+01     5.9923E-18     0.0000E+00
     7.8459E+01     5.9923E-18     0.0000E+00
     7.8619E+01     5.9923E-18     0.0000E+00
     7.8619E+01     5.9923E-18     0.0000E+00
     7.8778E+01     5.9923E-18     0.0000E+00
     7.8938E+01     5.9923E-18     0.0000E+00
     7.8938E+01     5.9923E-18     0.0000E+00
     7.9096E+01     5.9923E-18     0.0000E+00
     7.9255E+01     5.9923E-18     0.0000E+00
     7.9255E+01     5.9923E-18     0.0000E+00
     7.9414E+01     5.9923E-18     0.0000E+00
     7.9572E+01     5.9923E-18     0.0000E+00
     7.9572E+01     5.9923E-18     0.0000E+00
     7.9729E+01     5.9923E-18     0.0000E+00
     7.9887E+01     5.9923E-18     0.0000E+00
     7.9887E+01     5.9923E-18     0.0000E+00
     8.0044E+01     5.9923E-18     0.0000E+00
     8.0201E+01     5.9923E-18     0.0000E+00
     8.0201E+01     5.9923E-18     0.0000E+00
     8.0357E+01     5.9923E-18     0.0000E+00
     8.0513E+01     5.9923E-18     0.0000E+00
     8.0513E+01     5.9923E-18     0.0000E+00
     8.0669E+01     5.9923E-18     0.0000E+00
     8.0825E+01     5.9923E-18     0.0000E+00
     8.0825E+01     5.9923E-18     0.0000E+00
     8.0980E+01     5.9923E-18     0.0000E+00
     8.1135E+01     5.9923E-18     0.0000E+00
     8.1135E+01     5.9923E-18     0.0000E+00
     8.1290E+01     5.9923E-18     0.0000E+00
     8.1444E+01     5.9923E-18     0.0000E+00
     8.1444E+01     5.9923E-18     0.0000E+00
     8.1598E+01     5.9923E-18     0.0000E+00
     8.1752E+01     5.9923E-18     0.0000E+00
     8.1752E+01     5.9923E-18     0.0000E+00
     8.1906E+01     5.9923E-18     0.0000E+00
     8.2059E+01     5.9923E-18     0.0000E+00
     8.2059E+01     5.9923E-18     0.0000E+00
     8.2212E+01     5.9923E-18     0.0000E+00
     8.2365E+01     5.9923E-18     0.0000E+00
     8.2365E+01     5.9923E-18     0.0000E+00
     8.2517E+01     5.9923E-18     0.0000E+00
     8.2669E+01     5.9923E-18     0.0000E+00
     8.2669E+01     5.9923E-18     0.0000E+00
     8.2821E+01     5.9923E-18     0.0000E+00
     8.2972E+01     5.9923E-18     0.0000E+00
     8.2972E+01     5.9923E-18     0.0000E+00
     8.3124E+01     5.9923E-18     0.0000E+00
     8.3275E+01     5.9923E-18     0.0000E+00
     8.3275E+01     5.9923E-18     0.0000E+00
     8.3425E+01     5.9923E-18     0.0000E+00
     8.3576E+01     5.9923E-18     0.0000E+00
     8.3576E+01     5.9923E-18     0.0000E+00
     8.3726E+01     5.9923E-18     0.0000E+00
     8.3876E+01     5.9923E-18     0.0000E+00
     8.3876E+01     5.9923E-18     0.0000E+00
     8.4025E+01     5.9923E-18     0.0000E+00
     8.4175E+01     5.9923E-18     0.0000E+00
     8.4175E+01     5.9923E-18     0.0000E+00
     8.4324E+01     5.9923E-18     0.0000E+00
     8.4473E+01     5.9923E-18     0.0000E+00
     8.4473E+01     5.9923E-18     0.0000E+00
     8.4621E+01     5.9923E-18     0.0000E+00
     8.4770E+01     5.9923E-18     0.0000E+00
     8.4770E+01     5.9923E-18     0.0000E+00
     8.4918E+01     5.9923E-18     0.0000E+00
     8.5066E+01     5.9923E-18     0.0000E+00
     8.5066E+01     5.9923E-18     0.0000E+00
     8.5213E+01     5.9923E-18     0.0000E+00
     8.5361E+01     5.9923E-18     0.0000E+00
     8.5361E+01     5.9923E-18     0.0000E+00
     8.5508E+01     5.9923E-18     0.0000E+00
     8.5654E+01     5.9923E-18     0.0000E+00
     8.5654E+01     5.9923E-18     0.0000E+00
     8.5801E+01     5.9923E-18     0.0000E+00
     8.5947E+01     5.9923E-18     0.0000E+00
     8.5947E+01     5.9923E-18     0.0000E+00
     8.6093E+01     5.9923E-18     0.0000E+00
     8.6239E+01     5.9923E-18     0.0000E+00
     8.6239E+01     5.9923E-18     0.0000E+00
     8.6385E+01     5.9923E-18     0.0000E+00
     8.6530E+01     5.9923E-18     0.0000E+00
     8.6530E+01     5.9923E-18     0.0000E+00
     8.6675E+01     5.9923E-18     0.0000E+00
     8.6820E+01     5.9923E-18     0.0000E+00
     8.6820E+01     5.9923E-18     0.0000E+00
     8.6964E+01     5.9923E-18     0.0000E+00
     8.7109E+01     5.9923E-18     0.0000E+00
     8.7109E+01     5.9923E-18     0.0000E+00
     8.7253E+01     5.9923E-18     0.0000E+00
     8.7397E+01     5.9923E-18     0.0000E+00
     8.7397E+01     5.9923E-18     0.0000E+00
     8.7540E+01     5.9923E-18     0.0000E+00
     8.7684E+01     5.9923E-18     0.0000E+00
     8.7684E+01     5.9923E-18     0.0000E+00
     8.7827E+01     5.9923E-18     0.0000E+00
     8.7970E+01     5.9923E-18     0.0000E+00
     8.7970E+01     5.9923E-18     0.0000E+00
     8.8112E+01     5.9923E-18     0.0000E+00
     8.8255E+01     5.9923E-18     0.0000E+00
     8.8255E+01     5.9923E-18     0.0000E+00
     8.8397E+01     5.9923E-18     0.0000E+00
     8.8539E+01     5.9923E-18     0.0000E+00
     8.8539E+01     5.9923E-18     0.0000E+00
     8.8681E+01     5.9923E-18     0.0000E+00
     8.8823E+01     5.9923E-18     0.0000E+00
     8.8823E+01     5.9923E-18     0.0000E+00
     8.8964E+01     5.9923E-18     0.0000E+00
     8.9105E+01     5.9923E-18     0.0000E+00
     8.9105E+01     5.9923E-18     0.0000E+00
     8.9246E+01     5.9923E-18     0.0000E+00
     8.9387E+01     5.9923E-18     0.0000E+00
     8.9387E+01     5.9923E-18     0.0000E+00
     8.9527E+01     5.9923E-18     0.0000E+00
     8.9667E+01     5.9923E-18     0.0000E+00
     8.9667E+01     5.9923E-18     0.0000E+00
     8.9807E+01     5.9923E-18     0.0000E+00
     8.9947E+01     5.9923E-18     0.0000E+00
     8.9947E+01     5.9923E-18     0.0000E+00
     9.0086E+01     5.9923E-18     0.0000E+00
     9.0226E+01     5.9923E-18     0.0000E+00
     9.0226E+01     5.9923E-18     0.0000E+00
     9.0365E+01     5.9923E-18     0.0000E+00
     9.0504E+01     5.9923E-18     0.0000E+00
     9.0504E+01     5.9923E-18     0.0000E+00
     9.0642E+01     5.9923E-18     0.0000E+00
     9.0781E+01     5.9923E-18     0.0000E+00
     9.0781E+01     5.9923E-18     0.0000E+00
     9.0919E+01     5.9923E-18     0.0000E+00
     9.1057E+01     5.9923E-18     0.0000E+00
     9.1057E+01     5.9923E-18     0.0000E+00
     9.1195E+01     5.9923E-18     0.0000E+00
     9.1333E+01     5.9923E-18     0.0000E+00
     9.1333E+01     5.9923E-18     0.0000E+00
     9.1470E+01     5.9923E-18     0.0000E+00
     9.1608E+01     5.9923E-18     0.0000E+00
     9.1608E+01     5.9923E-18     0.0000E+00
     9.1745E+01     5.9923E-18     0.0000E+00
     9.1882E+01     5.9923E-18     0.0000E+00
     9.1882E+01     5.9923E-18     0.0000E+00
     9.2018E+01     5.9923E-18     0.0000E+00
     9.2155E+01     5.9923E-18     0.0000E+00
     9.2155E+01     5.9923E-18     0.0000E+00
     9.2291E+01     5.9923E-18     0.0000E+00
     9.2427E+01     5.9923E-18     0.0000E+00
     9.2427E+01     5.9923E-18     0.0000E+00
     9.2563E+01     5.9923E-18     0.0000E+00
     9.2698E+01     5.9923E-18     0.0000E+00
     9.2698E+01     5.9923E-18     0.0000E+00
     9.2834E+01     5.9923E-18     0.0000E+00
     9.2969E+01     5.9923E-18     0.0000E+00
     9.2969E+01     5.9923E-18     0.0000E+00
     9.3104E+01     5.9923E-18     0.0000E+00
     9.3239E+01     5.9923E-18     0.0000E+00
     9.3239E+01     5.9923E-18     0.0000E+00
     9.3373E+01     5.9923E-18     0.0000E+00
     9.3508E+01     5.9923E-18     0.0000E+00
     9.3508E+01     5.9923E-18     0.0000E+00
     9.3642E+01     5.9923E-18     0.0000E+00
     9.3776E+01     5.9923E-18     0.0000E+00
     9.3776E+01     5.9923E-18     0.0000E+00
     9.3910E+01     5.9923E-18     0.0000E+00
     9.4044E+01     5.9923E-18     0.0000E+00
     9.4044E+01     5.9923E-18     0.0000E+00
     9.4177E+01     5.9923E-18     0.0000E+00
     9.4311E+01     5.9923E-18     0.0000E+00
     9.4311E+01     5.9923E-18     0.0000E+00
     9.4444E+01     5.9923E-18     0.0000E+00
     9.4577E+01     5.9923E-18     0.0000E+00
     9.4577E+01     5.9923E-18     0.0000E+00
     9.4709E+01     5.9923E-18     0.0000E+00
     9.4842E+01     5.9923E-18     0.0000E+00
     9.4842E+01     5.9923E-18     0.0000E+00
     9.4974E+01     5.9923E-18     0.0000E+00
     9.5106E+01     5.9923E-18     0.0000E+00
     9.5106E+01     5.9923E-18     0.0000E+00
     9.5238E+01     5.9923E-18     0.0000E+00
     9.5370E+01     5.9923E-18     0.0000E+00
     9.5370E+01     5.9923E-18     0.0000E+00
     9.5502E+01     5.9923E-18     0.0000E+00
     9.5633E+01     5.9923E-18     0.0000E+00
     9.5633E+01     5.9923E-18     0.0000E+00
     9.5764E+01     5.9923E-18     0.0000E+00
     9.5896E+01     5.9923E-18     0.0000E+00
     9.5896E+01     5.9923E-18     0.0000E+00
     9.6026E+01     5.9923E-18     0.0000E+00
     9.6157E+01     5.9923E-18     0.0000E+00
     9.6157E+01     5.9923E-18     0.0000E+00
     9.6288E+01     5.9923E-18     0.0000E+00
     9.6418E+01     5.9923E-18     0.0000E+00
     9.6418E+01     5.9923E-18     0.0000E+00
     9.6548E+01     5.9923E-18     0.0000E+00
     9.6679E+01     5.9923E-18     0.0000E+00
     9.6679E+01     5.9923E-18     0.0000E+00
     9.6808E+01     5.9923E-18     0.0000E+00
     9.6938E+01     5.9923E-18     0.0000E+00
     9.6938E+01     5.9923E-18     0.0000E+00
     9.7067E+01     5.9923E-18     0.0000E+00
     9.7197E+01     5.9923E-18     0.0000E+00
     9.7197E+01     5.9923E-18     0.0000E+00
     9.7326E+01     5.9923E-18     0.0000E+00
     9.7455E+01     5.9923E-18     0.0000E+00
     9.7455E+01     5.9923E-18     0.0000E+00
     9.7584E+01     5.9923E-18     0.0000E+00
     9.7713E+01     5.9923E-18     0.0000E+00
     9.7713E+01     5.9923E-18     0.0000E+00
     9.7841E+01     5.9923E-18     0.0000E+00
     9.7969E+01     5.9923E-18     0.0000E+00
     9.7969E+01     5.9923E-18     0.0000E+00
     9.8097E+01     5.9923E-18     0.0000E+00
     9.8225E+01     5.9923E-18     0.0000E+00
     9.8225E+01     5.9923E-18     0.0000E+00
     9.8353E+01     5.9923E-18     0.0000E+00
     9.8481E+01     5.9923E-18     0.0000E+00
     9.8481E+01     5.9923E-18     0.0000E+00
     9.8608E+01     5.9923E-18     0.0000E+00
     9.8736E+01     5.9923E-18     0.0000E+00
     9.8736E+01     5.9923E-18     0.0000E+00
     9.8863E+01     5.9923E-18     0.0000E+00
     9.8990E+01     5.9923E-18     0.0000E+00
     9.8990E+01     5.9923E-18     0.0000E+00
     9.9117E+01     5.9923E-18     0.0000E+00
     9.9243E+01     5.9923E-18     0.0000E+00
     9.9243E+01     5.9923E-18     0.0000E+00
     9.9370E+01     5.9923E-18     0.0000E+00
     9.9496E+01     5.9923E-18     0.0000E+00
     9.9496E+01     5.9923E-18     0.0000E+00
     9.9622E+01     5.9923E-18     0.0000E+00
     9.9748E+01     5.9923E-18     0.0000E+00
     9.9748E+01     5.9923E-18     0.0000E+00
     9.9874E+01     5.9923E-18     0.0000E+00
     1.0000E+02     5.9923E-18     0.0000E+00
     1.0000E+02     5.9923E-23     0.0000E+00
&
