@g0 type xy 
@    title "fluence vs position"
@    subtitle "/home/miia/EGSnrc/egs_home/BEAM_EX16MVp/EX16MVp.egsphsp1"
@    legend on
@    legend box linestyle 0
@    legend x1 0.6
@    legend y1 0.75
@    view xmin 0.250000
@    xaxis  label "X /cm"
@    timestamp on
@    yaxis  label "fluence/incident particle /cm\\S-2\\N"
@    s0 on
@    legend string  0 "IQ =2  NO LATCH CHECK"
@    s0 errorbar length 0.000000
@    s0 symbol color 1
@TYPE xydy
     1.0633E-10     4.4329E-23     0.0000E+00
     1.0633E-10     4.4366E-05     0.0000E+00
     5.3166E-01     4.4366E-05     1.4927E-06
     1.0633E+00     4.4366E-05     0.0000E+00
     1.0633E+00     4.6884E-05     0.0000E+00
     1.2835E+00     4.6884E-05     1.5204E-06
     1.5038E+00     4.6884E-05     0.0000E+00
     1.5038E+00     4.7108E-05     0.0000E+00
     1.6727E+00     4.7108E-05     1.5145E-06
     1.8417E+00     4.7108E-05     0.0000E+00
     1.8417E+00     4.7996E-05     0.0000E+00
     1.9842E+00     4.7996E-05     1.5359E-06
     2.1266E+00     4.7996E-05     0.0000E+00
     2.1266E+00     5.1502E-05     0.0000E+00
     2.2522E+00     5.1502E-05     1.5835E-06
     2.3777E+00     5.1502E-05     0.0000E+00
     2.3777E+00     5.1103E-05     0.0000E+00
     2.4911E+00     5.1103E-05     1.6162E-06
     2.6046E+00     5.1103E-05     0.0000E+00
     2.6046E+00     5.2792E-05     0.0000E+00
     2.7089E+00     5.2792E-05     1.6070E-06
     2.8133E+00     5.2792E-05     0.0000E+00
     2.8133E+00     5.3056E-05     0.0000E+00
     2.9104E+00     5.3056E-05     1.5808E-06
     3.0075E+00     5.3056E-05     0.0000E+00
     3.0075E+00     5.2974E-05     0.0000E+00
     3.0987E+00     5.2974E-05     1.5934E-06
     3.1900E+00     5.2974E-05     0.0000E+00
     3.1900E+00     5.2317E-05     0.0000E+00
     3.2762E+00     5.2317E-05     1.5984E-06
     3.3625E+00     5.2317E-05     0.0000E+00
     3.3625E+00     4.9273E-05     0.0000E+00
     3.4446E+00     4.9273E-05     1.5337E-06
     3.5266E+00     4.9273E-05     0.0000E+00
     3.5266E+00     5.2186E-05     0.0000E+00
     3.6050E+00     5.2186E-05     1.5831E-06
     3.6835E+00     5.2186E-05     0.0000E+00
     3.6835E+00     5.2208E-05     0.0000E+00
     3.7587E+00     5.2208E-05     1.5826E-06
     3.8339E+00     5.2208E-05     0.0000E+00
     3.8339E+00     5.2225E-05     0.0000E+00
     3.9062E+00     5.2225E-05     1.5746E-06
     3.9786E+00     5.2225E-05     0.0000E+00
     3.9786E+00     5.3441E-05     0.0000E+00
     4.0484E+00     5.3441E-05     1.5963E-06
     4.1182E+00     5.3441E-05     0.0000E+00
     4.1182E+00     5.1855E-05     0.0000E+00
     4.1858E+00     5.1855E-05     1.5579E-06
     4.2533E+00     5.1855E-05     0.0000E+00
     4.2533E+00     5.5044E-05     0.0000E+00
     4.3187E+00     5.5044E-05     1.6332E-06
     4.3842E+00     5.5044E-05     0.0000E+00
     4.3842E+00     5.1650E-05     0.0000E+00
     4.4477E+00     5.1650E-05     1.5853E-06
     4.5113E+00     5.1650E-05     0.0000E+00
     4.5113E+00     5.4565E-05     0.0000E+00
     4.5731E+00     5.4565E-05     1.6162E-06
     4.6349E+00     5.4565E-05     0.0000E+00
     4.6349E+00     5.5680E-05     0.0000E+00
     4.6951E+00     5.5680E-05     1.6139E-06
     4.7553E+00     5.5680E-05     0.0000E+00
     4.7553E+00     5.4085E-05     0.0000E+00
     4.8140E+00     5.4085E-05     1.6174E-06
     4.8728E+00     5.4085E-05     0.0000E+00
     4.8728E+00     5.1440E-05     0.0000E+00
     4.9301E+00     5.1440E-05     1.5678E-06
     4.9874E+00     5.1440E-05     0.0000E+00
     4.9874E+00     1.0118E-05     0.0000E+00
     5.0435E+00     1.0118E-05     6.7161E-07
     5.0995E+00     1.0118E-05     0.0000E+00
     5.0995E+00     4.7051E-06     0.0000E+00
     5.1544E+00     4.7051E-06     4.6082E-07
     5.2092E+00     4.7051E-06     0.0000E+00
     5.2092E+00     4.2148E-06     0.0000E+00
     5.2629E+00     4.2148E-06     4.3656E-07
     5.3166E+00     4.2148E-06     0.0000E+00
     5.3166E+00     4.4531E-06     0.0000E+00
     5.3693E+00     4.4531E-06     4.4517E-07
     5.4219E+00     4.4531E-06     0.0000E+00
     5.4219E+00     4.0844E-06     0.0000E+00
     5.4735E+00     4.0844E-06     4.3004E-07
     5.5252E+00     4.0844E-06     0.0000E+00
     5.5252E+00     3.6838E-06     0.0000E+00
     5.5759E+00     3.6838E-06     4.0402E-07
     5.6266E+00     3.6838E-06     0.0000E+00
     5.6266E+00     4.5322E-06     0.0000E+00
     5.6764E+00     4.5322E-06     4.6132E-07
     5.7262E+00     4.5322E-06     0.0000E+00
     5.7262E+00     3.2412E-06     0.0000E+00
     5.7751E+00     3.2412E-06     3.7908E-07
     5.8241E+00     3.2412E-06     0.0000E+00
     5.8241E+00     2.9304E-06     0.0000E+00
     5.8722E+00     2.9304E-06     3.6588E-07
     5.9203E+00     2.9304E-06     0.0000E+00
     5.9203E+00     3.1982E-06     0.0000E+00
     5.9677E+00     3.1982E-06     3.7665E-07
     6.0151E+00     3.1982E-06     0.0000E+00
     6.0151E+00     2.8485E-06     0.0000E+00
     6.0617E+00     2.8485E-06     3.5587E-07
     6.1083E+00     2.8485E-06     0.0000E+00
     6.1083E+00     2.9796E-06     0.0000E+00
     6.1542E+00     2.9796E-06     3.6918E-07
     6.2002E+00     2.9796E-06     0.0000E+00
     6.2002E+00     3.1580E-06     0.0000E+00
     6.2454E+00     3.1580E-06     3.7455E-07
     6.2907E+00     3.1580E-06     0.0000E+00
     6.2907E+00     3.2878E-06     0.0000E+00
     6.3353E+00     3.2878E-06     3.8706E-07
     6.3799E+00     3.2878E-06     0.0000E+00
     6.3799E+00     2.1799E-06     0.0000E+00
     6.4239E+00     2.1799E-06     3.1127E-07
     6.4679E+00     2.1799E-06     0.0000E+00
     6.4679E+00     2.9425E-06     0.0000E+00
     6.5113E+00     2.9425E-06     3.6209E-07
     6.5548E+00     2.9425E-06     0.0000E+00
     6.5548E+00     1.8670E-06     0.0000E+00
     6.5976E+00     1.8670E-06     2.8797E-07
     6.6404E+00     1.8670E-06     0.0000E+00
     6.6404E+00     2.2682E-06     0.0000E+00
     6.6827E+00     2.2682E-06     3.1745E-07
     6.7250E+00     2.2682E-06     0.0000E+00
     6.7250E+00     2.4465E-06     0.0000E+00
     6.7668E+00     2.4465E-06     3.2971E-07
     6.8086E+00     2.4465E-06     0.0000E+00
     6.8086E+00     1.7357E-06     0.0000E+00
     6.8498E+00     1.7357E-06     2.7783E-07
     6.8911E+00     1.7357E-06     0.0000E+00
     6.8911E+00     1.6030E-06     0.0000E+00
     6.9319E+00     1.6030E-06     2.6707E-07
     6.9727E+00     1.6030E-06     0.0000E+00
     6.9727E+00     2.0016E-06     0.0000E+00
     7.0130E+00     2.0016E-06     2.9825E-07
     7.0533E+00     2.0016E-06     0.0000E+00
     7.0533E+00     1.5583E-06     0.0000E+00
     7.0931E+00     1.5583E-06     2.6331E-07
     7.1330E+00     1.5583E-06     0.0000E+00
     7.1330E+00     1.9588E-06     0.0000E+00
     7.1724E+00     1.9588E-06     2.9518E-07
     7.2118E+00     1.9588E-06     0.0000E+00
     7.2118E+00     2.0064E-06     0.0000E+00
     7.2508E+00     2.0064E-06     2.9899E-07
     7.2898E+00     2.0064E-06     0.0000E+00
     7.2898E+00     1.2906E-06     0.0000E+00
     7.3283E+00     1.2906E-06     2.3958E-07
     7.3669E+00     1.2906E-06     0.0000E+00
     7.3669E+00     1.6022E-06     0.0000E+00
     7.4051E+00     1.6022E-06     2.6695E-07
     7.4433E+00     1.6022E-06     0.0000E+00
     7.4433E+00     1.2472E-06     0.0000E+00
     7.4810E+00     1.2472E-06     2.3565E-07
     7.5188E+00     1.2472E-06     0.0000E+00
     7.5188E+00     1.7819E-06     0.0000E+00
     7.5562E+00     1.7819E-06     2.8163E-07
     7.5936E+00     1.7819E-06     0.0000E+00
     7.5936E+00     2.0033E-06     0.0000E+00
     7.6307E+00     2.0033E-06     2.9850E-07
     7.6677E+00     2.0033E-06     0.0000E+00
     7.6677E+00     7.1271E-07     0.0000E+00
     7.7044E+00     7.1271E-07     1.7815E-07
     7.7411E+00     7.1271E-07     0.0000E+00
     7.7411E+00     1.5614E-06     0.0000E+00
     7.7774E+00     1.5614E-06     2.7138E-07
     7.8138E+00     1.5614E-06     0.0000E+00
     7.8138E+00     1.2030E-06     0.0000E+00
     7.8498E+00     1.2030E-06     2.3147E-07
     7.8858E+00     1.2030E-06     0.0000E+00
     7.8858E+00     1.1597E-06     0.0000E+00
     7.9215E+00     1.1597E-06     2.2737E-07
     7.9572E+00     1.1597E-06     0.0000E+00
     7.9572E+00     6.7118E-07     0.0000E+00
     7.9925E+00     6.7118E-07     1.7329E-07
     8.0279E+00     6.7118E-07     0.0000E+00
     8.0279E+00     1.1140E-06     0.0000E+00
     8.0630E+00     1.1140E-06     2.2275E-07
     8.0980E+00     1.1140E-06     0.0000E+00
     8.0980E+00     9.8097E-07     0.0000E+00
     8.1328E+00     9.8097E-07     2.0910E-07
     8.1675E+00     9.8097E-07     0.0000E+00
     8.1675E+00     8.9155E-07     0.0000E+00
     8.2020E+00     8.9155E-07     1.9932E-07
     8.2365E+00     8.9155E-07     0.0000E+00
     8.2365E+00     1.1157E-06     0.0000E+00
     8.2706E+00     1.1157E-06     2.2309E-07
     8.3048E+00     1.1157E-06     0.0000E+00
     8.3048E+00     9.8226E-07     0.0000E+00
     8.3387E+00     9.8226E-07     2.0938E-07
     8.3726E+00     9.8226E-07     0.0000E+00
     8.3726E+00     7.6144E-07     0.0000E+00
     8.4062E+00     7.6144E-07     1.8466E-07
     8.4399E+00     7.6144E-07     0.0000E+00
     8.4399E+00     4.0162E-07     0.0000E+00
     8.4732E+00     4.0162E-07     1.3386E-07
     8.5066E+00     4.0162E-07     0.0000E+00
     8.5066E+00     9.8704E-07     0.0000E+00
     8.5397E+00     9.8704E-07     2.1045E-07
     8.5728E+00     9.8704E-07     0.0000E+00
     8.5728E+00     9.4583E-07     0.0000E+00
     8.6056E+00     9.4583E-07     2.0646E-07
     8.6385E+00     9.4583E-07     0.0000E+00
     8.6385E+00     8.9232E-07     0.0000E+00
     8.6711E+00     8.9232E-07     1.9949E-07
     8.7037E+00     8.9232E-07     0.0000E+00
     8.7037E+00     6.7775E-07     0.0000E+00
     8.7360E+00     6.7775E-07     1.7510E-07
     8.7684E+00     6.7775E-07     0.0000E+00
     8.7684E+00     8.9339E-07     0.0000E+00
     8.8005E+00     8.9339E-07     1.9974E-07
     8.8326E+00     8.9339E-07     0.0000E+00
     8.8326E+00     8.0388E-07     0.0000E+00
     8.8645E+00     8.0388E-07     1.8945E-07
     8.8964E+00     8.0388E-07     0.0000E+00
     8.8964E+00     4.9080E-07     0.0000E+00
     8.9280E+00     4.9080E-07     1.4797E-07
     8.9597E+00     4.9080E-07     0.0000E+00
     8.9597E+00     4.9216E-07     0.0000E+00
     8.9911E+00     4.9216E-07     1.4838E-07
     9.0226E+00     4.9216E-07     0.0000E+00
     9.0226E+00     4.0264E-07     0.0000E+00
     9.0538E+00     4.0264E-07     1.3421E-07
     9.0850E+00     4.0264E-07     0.0000E+00
     9.0850E+00     4.0156E-07     0.0000E+00
     9.1160E+00     4.0156E-07     1.3384E-07
     9.1470E+00     4.0156E-07     0.0000E+00
     9.1470E+00     5.3652E-07     0.0000E+00
     9.1778E+00     5.3652E-07     1.5487E-07
     9.2086E+00     5.3652E-07     0.0000E+00
     9.2086E+00     2.7643E-07     0.0000E+00
     9.2392E+00     2.7643E-07     1.1311E-07
     9.2698E+00     2.7643E-07     0.0000E+00
     9.2698E+00     4.0398E-07     0.0000E+00
     9.3002E+00     4.0398E-07     1.3467E-07
     9.3306E+00     4.0398E-07     0.0000E+00
     9.3306E+00     7.1541E-07     0.0000E+00
     9.3608E+00     7.1541E-07     1.7883E-07
     9.3910E+00     7.1541E-07     0.0000E+00
     9.3910E+00     3.5934E-07     0.0000E+00
     9.4210E+00     3.5934E-07     1.2704E-07
     9.4510E+00     3.5934E-07     0.0000E+00
     9.4510E+00     4.4964E-07     0.0000E+00
     9.4808E+00     4.4964E-07     1.4220E-07
     9.5106E+00     4.4964E-07     0.0000E+00
     9.5106E+00     9.2524E-06     0.0000E+00
     9.5403E+00     9.2524E-06     6.3513E-06
     9.5699E+00     9.2524E-06     0.0000E+00
     9.5699E+00     1.7835E-07     0.0000E+00
     9.5993E+00     1.7835E-07     8.9172E-08
     9.6288E+00     1.7835E-07     0.0000E+00
     9.6288E+00     4.8567E-06     0.0000E+00
     9.6581E+00     4.8567E-06     4.5007E-06
     9.6873E+00     4.8567E-06     0.0000E+00
     9.6873E+00     3.6289E-07     0.0000E+00
     9.7164E+00     3.6289E-07     1.2831E-07
     9.7455E+00     3.6289E-07     0.0000E+00
     9.7455E+00     1.3946E-07     0.0000E+00
     9.7744E+00     1.3946E-07     8.0551E-08
     9.8033E+00     1.3946E-07     0.0000E+00
     9.8033E+00     2.2266E-07     0.0000E+00
     9.8321E+00     2.2266E-07     9.9571E-08
     9.8608E+00     2.2266E-07     0.0000E+00
     9.8608E+00     1.7915E-07     0.0000E+00
     9.8894E+00     1.7915E-07     8.9573E-08
     9.9180E+00     1.7915E-07     0.0000E+00
     9.9180E+00     2.2544E-07     0.0000E+00
     9.9464E+00     2.2544E-07     1.0082E-07
     9.9748E+00     2.2544E-07     0.0000E+00
     9.9748E+00     4.4329E-18     0.0000E+00
     1.0003E+01     4.4329E-18     0.0000E+00
     1.0031E+01     4.4329E-18     0.0000E+00
     1.0031E+01     4.5236E-08     0.0000E+00
     1.0059E+01     4.5236E-08     4.5232E-08
     1.0088E+01     4.5236E-08     0.0000E+00
     1.0088E+01     4.8789E-08     0.0000E+00
     1.0115E+01     4.8789E-08     4.8784E-08
     1.0143E+01     4.8789E-08     0.0000E+00
     1.0143E+01     4.4329E-08     0.0000E+00
     1.0171E+01     4.4329E-08     4.4325E-08
     1.0199E+01     4.4329E-08     0.0000E+00
     1.0199E+01     4.4778E-06     0.0000E+00
     1.0227E+01     4.4778E-06     4.4774E-06
     1.0254E+01     4.4778E-06     0.0000E+00
     1.0254E+01     1.4057E-07     0.0000E+00
     1.0282E+01     1.4057E-07     8.1213E-08
     1.0309E+01     1.4057E-07     0.0000E+00
     1.0309E+01     9.1554E-08     0.0000E+00
     1.0337E+01     9.1554E-08     6.4738E-08
     1.0364E+01     9.1554E-08     0.0000E+00
     1.0364E+01     9.5915E-08     0.0000E+00
     1.0391E+01     9.5915E-08     6.7904E-08
     1.0418E+01     9.5915E-08     0.0000E+00
     1.0418E+01     4.5390E-08     0.0000E+00
     1.0445E+01     4.5390E-08     4.5385E-08
     1.0473E+01     4.5390E-08     0.0000E+00
     1.0473E+01     9.5169E-08     0.0000E+00
     1.0499E+01     9.5169E-08     6.7312E-08
     1.0526E+01     9.5169E-08     0.0000E+00
     1.0526E+01     4.4329E-18     0.0000E+00
     1.0553E+01     4.4329E-18     0.0000E+00
     1.0580E+01     4.4329E-18     0.0000E+00
     1.0580E+01     4.4329E-18     0.0000E+00
     1.0607E+01     4.4329E-18     0.0000E+00
     1.0633E+01     4.4329E-18     0.0000E+00
     1.0633E+01     4.6567E-08     0.0000E+00
     1.0660E+01     4.6567E-08     4.6563E-08
     1.0686E+01     4.6567E-08     0.0000E+00
     1.0686E+01     4.6208E-08     0.0000E+00
     1.0713E+01     4.6208E-08     4.6203E-08
     1.0739E+01     4.6208E-08     0.0000E+00
     1.0739E+01     4.5693E-08     0.0000E+00
     1.0765E+01     4.5693E-08     4.5689E-08
     1.0792E+01     4.5693E-08     0.0000E+00
     1.0792E+01     9.3519E-08     0.0000E+00
     1.0818E+01     9.3519E-08     6.6212E-08
     1.0844E+01     9.3519E-08     0.0000E+00
     1.0844E+01     4.4843E-08     0.0000E+00
     1.0870E+01     4.4843E-08     4.4838E-08
     1.0896E+01     4.4843E-08     0.0000E+00
     1.0896E+01     4.6400E-08     0.0000E+00
     1.0922E+01     4.6400E-08     4.6395E-08
     1.0948E+01     4.6400E-08     0.0000E+00
     1.0948E+01     4.4799E-08     0.0000E+00
     1.0973E+01     4.4799E-08     4.4795E-08
     1.0999E+01     4.4799E-08     0.0000E+00
     1.0999E+01     4.4329E-18     0.0000E+00
     1.1025E+01     4.4329E-18     0.0000E+00
     1.1050E+01     4.4329E-18     0.0000E+00
     1.1050E+01     4.5535E-08     0.0000E+00
     1.1076E+01     4.5535E-08     4.5530E-08
     1.1101E+01     4.5535E-08     0.0000E+00
     1.1101E+01     4.4329E-18     0.0000E+00
     1.1127E+01     4.4329E-18     0.0000E+00
     1.1152E+01     4.4329E-18     0.0000E+00
     1.1152E+01     4.4329E-18     0.0000E+00
     1.1178E+01     4.4329E-18     0.0000E+00
     1.1203E+01     4.4329E-18     0.0000E+00
     1.1203E+01     4.4329E-18     0.0000E+00
     1.1228E+01     4.4329E-18     0.0000E+00
     1.1253E+01     4.4329E-18     0.0000E+00
     1.1253E+01     4.4329E-18     0.0000E+00
     1.1278E+01     4.4329E-18     0.0000E+00
     1.1303E+01     4.4329E-18     0.0000E+00
     1.1303E+01     4.8738E-08     0.0000E+00
     1.1328E+01     4.8738E-08     4.8733E-08
     1.1353E+01     4.8738E-08     0.0000E+00
     1.1353E+01     4.4329E-18     0.0000E+00
     1.1378E+01     4.4329E-18     0.0000E+00
     1.1403E+01     4.4329E-18     0.0000E+00
     1.1403E+01     4.5223E-06     0.0000E+00
     1.1428E+01     4.5223E-06     4.5219E-06
     1.1452E+01     4.5223E-06     0.0000E+00
     1.1452E+01     4.6420E-08     0.0000E+00
     1.1477E+01     4.6420E-08     4.6415E-08
     1.1502E+01     4.6420E-08     0.0000E+00
     1.1502E+01     4.4329E-18     0.0000E+00
     1.1526E+01     4.4329E-18     0.0000E+00
     1.1551E+01     4.4329E-18     0.0000E+00
     1.1551E+01     4.7399E-08     0.0000E+00
     1.1575E+01     4.7399E-08     4.7394E-08
     1.1599E+01     4.7399E-08     0.0000E+00
     1.1599E+01     4.4579E-08     0.0000E+00
     1.1624E+01     4.4579E-08     4.4575E-08
     1.1648E+01     4.4579E-08     0.0000E+00
     1.1648E+01     4.4329E-18     0.0000E+00
     1.1672E+01     4.4329E-18     0.0000E+00
     1.1697E+01     4.4329E-18     0.0000E+00
     1.1697E+01     9.1184E-08     0.0000E+00
     1.1721E+01     9.1184E-08     6.4476E-08
     1.1745E+01     9.1184E-08     0.0000E+00
     1.1745E+01     4.4329E-18     0.0000E+00
     1.1769E+01     4.4329E-18     0.0000E+00
     1.1793E+01     4.4329E-18     0.0000E+00
     1.1793E+01     4.8895E-08     0.0000E+00
     1.1817E+01     4.8895E-08     4.8890E-08
     1.1841E+01     4.8895E-08     0.0000E+00
     1.1841E+01     9.2505E-08     0.0000E+00
     1.1864E+01     9.2505E-08     6.5433E-08
     1.1888E+01     9.2505E-08     0.0000E+00
     1.1888E+01     4.4329E-18     0.0000E+00
     1.1912E+01     4.4329E-18     0.0000E+00
     1.1936E+01     4.4329E-18     0.0000E+00
     1.1936E+01     4.4329E-18     0.0000E+00
     1.1959E+01     4.4329E-18     0.0000E+00
     1.1983E+01     4.4329E-18     0.0000E+00
     1.1983E+01     4.4329E-18     0.0000E+00
     1.2007E+01     4.4329E-18     0.0000E+00
     1.2030E+01     4.4329E-18     0.0000E+00
     1.2030E+01     9.4522E-08     0.0000E+00
     1.2054E+01     9.4522E-08     6.6878E-08
     1.2077E+01     9.4522E-08     0.0000E+00
     1.2077E+01     4.4329E-18     0.0000E+00
     1.2100E+01     4.4329E-18     0.0000E+00
     1.2124E+01     4.4329E-18     0.0000E+00
     1.2124E+01     4.4329E-18     0.0000E+00
     1.2147E+01     4.4329E-18     0.0000E+00
     1.2170E+01     4.4329E-18     0.0000E+00
     1.2170E+01     4.5960E-08     0.0000E+00
     1.2193E+01     4.5960E-08     4.5955E-08
     1.2217E+01     4.5960E-08     0.0000E+00
     1.2217E+01     4.4329E-18     0.0000E+00
     1.2240E+01     4.4329E-18     0.0000E+00
     1.2263E+01     4.4329E-18     0.0000E+00
     1.2263E+01     4.4329E-18     0.0000E+00
     1.2286E+01     4.4329E-18     0.0000E+00
     1.2309E+01     4.4329E-18     0.0000E+00
     1.2309E+01     4.4329E-18     0.0000E+00
     1.2332E+01     4.4329E-18     0.0000E+00
     1.2355E+01     4.4329E-18     0.0000E+00
     1.2355E+01     4.8680E-08     0.0000E+00
     1.2378E+01     4.8680E-08     4.8676E-08
     1.2400E+01     4.8680E-08     0.0000E+00
     1.2400E+01     9.0933E-08     0.0000E+00
     1.2423E+01     9.0933E-08     6.4318E-08
     1.2446E+01     9.0933E-08     0.0000E+00
     1.2446E+01     4.8377E-08     0.0000E+00
     1.2469E+01     4.8377E-08     4.8372E-08
     1.2491E+01     4.8377E-08     0.0000E+00
     1.2491E+01     4.4329E-18     0.0000E+00
     1.2514E+01     4.4329E-18     0.0000E+00
     1.2536E+01     4.4329E-18     0.0000E+00
     1.2536E+01     4.4329E-18     0.0000E+00
     1.2559E+01     4.4329E-18     0.0000E+00
     1.2581E+01     4.4329E-18     0.0000E+00
     1.2581E+01     4.4329E-18     0.0000E+00
     1.2604E+01     4.4329E-18     0.0000E+00
     1.2626E+01     4.4329E-18     0.0000E+00
     1.2626E+01     9.0283E-08     0.0000E+00
     1.2649E+01     9.0283E-08     6.3840E-08
     1.2671E+01     9.0283E-08     0.0000E+00
     1.2671E+01     4.5490E-08     0.0000E+00
     1.2693E+01     4.5490E-08     4.5485E-08
     1.2715E+01     4.5490E-08     0.0000E+00
     1.2715E+01     4.4329E-18     0.0000E+00
     1.2738E+01     4.4329E-18     0.0000E+00
     1.2760E+01     4.4329E-18     0.0000E+00
     1.2760E+01     4.6477E-08     0.0000E+00
     1.2782E+01     4.6477E-08     4.6472E-08
     1.2804E+01     4.6477E-08     0.0000E+00
     1.2804E+01     4.5689E-08     0.0000E+00
     1.2826E+01     4.5689E-08     4.5685E-08
     1.2848E+01     4.5689E-08     0.0000E+00
     1.2848E+01     4.9690E-08     0.0000E+00
     1.2870E+01     4.9690E-08     4.9685E-08
     1.2892E+01     4.9690E-08     0.0000E+00
     1.2892E+01     1.4087E-07     0.0000E+00
     1.2914E+01     1.4087E-07     8.1349E-08
     1.2936E+01     1.4087E-07     0.0000E+00
     1.2936E+01     4.4329E-18     0.0000E+00
     1.2958E+01     4.4329E-18     0.0000E+00
     1.2979E+01     4.4329E-18     0.0000E+00
     1.2979E+01     4.7416E-08     0.0000E+00
     1.3001E+01     4.7416E-08     4.7411E-08
     1.3023E+01     4.7416E-08     0.0000E+00
     1.3023E+01     4.7140E-08     0.0000E+00
     1.3045E+01     4.7140E-08     4.7135E-08
     1.3066E+01     4.7140E-08     0.0000E+00
     1.3066E+01     1.0033E-07     0.0000E+00
     1.3088E+01     1.0033E-07     7.1255E-08
     1.3110E+01     1.0033E-07     0.0000E+00
     1.3110E+01     4.6768E-08     0.0000E+00
     1.3131E+01     4.6768E-08     4.6763E-08
     1.3153E+01     4.6768E-08     0.0000E+00
     1.3153E+01     4.5480E-08     0.0000E+00
     1.3174E+01     4.5480E-08     4.5476E-08
     1.3195E+01     4.5480E-08     0.0000E+00
     1.3195E+01     4.4329E-18     0.0000E+00
     1.3217E+01     4.4329E-18     0.0000E+00
     1.3238E+01     4.4329E-18     0.0000E+00
     1.3238E+01     4.4329E-18     0.0000E+00
     1.3260E+01     4.4329E-18     0.0000E+00
     1.3281E+01     4.4329E-18     0.0000E+00
     1.3281E+01     4.4329E-18     0.0000E+00
     1.3302E+01     4.4329E-18     0.0000E+00
     1.3323E+01     4.4329E-18     0.0000E+00
     1.3323E+01     4.4329E-18     0.0000E+00
     1.3345E+01     4.4329E-18     0.0000E+00
     1.3366E+01     4.4329E-18     0.0000E+00
     1.3366E+01     4.4329E-18     0.0000E+00
     1.3387E+01     4.4329E-18     0.0000E+00
     1.3408E+01     4.4329E-18     0.0000E+00
     1.3408E+01     4.8931E-08     0.0000E+00
     1.3429E+01     4.8931E-08     4.8926E-08
     1.3450E+01     4.8931E-08     0.0000E+00
     1.3450E+01     4.4329E-18     0.0000E+00
     1.3471E+01     4.4329E-18     0.0000E+00
     1.3492E+01     4.4329E-18     0.0000E+00
     1.3492E+01     4.4329E-18     0.0000E+00
     1.3513E+01     4.4329E-18     0.0000E+00
     1.3534E+01     4.4329E-18     0.0000E+00
     1.3534E+01     4.6319E-08     0.0000E+00
     1.3555E+01     4.6319E-08     4.6315E-08
     1.3576E+01     4.6319E-08     0.0000E+00
     1.3576E+01     9.7198E-08     0.0000E+00
     1.3596E+01     9.7198E-08     6.8729E-08
     1.3617E+01     9.7198E-08     0.0000E+00
     1.3617E+01     4.4329E-18     0.0000E+00
     1.3638E+01     4.4329E-18     0.0000E+00
     1.3659E+01     4.4329E-18     0.0000E+00
     1.3659E+01     4.4329E-18     0.0000E+00
     1.3679E+01     4.4329E-18     0.0000E+00
     1.3700E+01     4.4329E-18     0.0000E+00
     1.3700E+01     4.4329E-18     0.0000E+00
     1.3721E+01     4.4329E-18     0.0000E+00
     1.3741E+01     4.4329E-18     0.0000E+00
     1.3741E+01     4.4329E-18     0.0000E+00
     1.3762E+01     4.4329E-18     0.0000E+00
     1.3782E+01     4.4329E-18     0.0000E+00
     1.3782E+01     4.4329E-18     0.0000E+00
     1.3803E+01     4.4329E-18     0.0000E+00
     1.3823E+01     4.4329E-18     0.0000E+00
     1.3823E+01     4.4329E-18     0.0000E+00
     1.3844E+01     4.4329E-18     0.0000E+00
     1.3864E+01     4.4329E-18     0.0000E+00
     1.3864E+01     4.6262E-08     0.0000E+00
     1.3884E+01     4.6262E-08     4.6257E-08
     1.3905E+01     4.6262E-08     0.0000E+00
     1.3905E+01     9.5112E-08     0.0000E+00
     1.3925E+01     9.5112E-08     6.7254E-08
     1.3945E+01     9.5112E-08     0.0000E+00
     1.3945E+01     4.4329E-18     0.0000E+00
     1.3966E+01     4.4329E-18     0.0000E+00
     1.3986E+01     4.4329E-18     0.0000E+00
     1.3986E+01     4.5021E-08     0.0000E+00
     1.4006E+01     4.5021E-08     4.5016E-08
     1.4026E+01     4.5021E-08     0.0000E+00
     1.4026E+01     4.6101E-08     0.0000E+00
     1.4046E+01     4.6101E-08     4.6096E-08
     1.4066E+01     4.6101E-08     0.0000E+00
     1.4066E+01     4.4329E-18     0.0000E+00
     1.4086E+01     4.4329E-18     0.0000E+00
     1.4107E+01     4.4329E-18     0.0000E+00
     1.4107E+01     9.2674E-08     0.0000E+00
     1.4127E+01     9.2674E-08     6.5532E-08
     1.4147E+01     9.2674E-08     0.0000E+00
     1.4147E+01     4.7377E-08     0.0000E+00
     1.4167E+01     4.7377E-08     4.7372E-08
     1.4186E+01     4.7377E-08     0.0000E+00
     1.4186E+01     4.4347E-08     0.0000E+00
     1.4206E+01     4.4347E-08     4.4343E-08
     1.4226E+01     4.4347E-08     0.0000E+00
     1.4226E+01     4.4329E-18     0.0000E+00
     1.4246E+01     4.4329E-18     0.0000E+00
     1.4266E+01     4.4329E-18     0.0000E+00
     1.4266E+01     4.4329E-18     0.0000E+00
     1.4286E+01     4.4329E-18     0.0000E+00
     1.4306E+01     4.4329E-18     0.0000E+00
     1.4306E+01     5.4397E-08     0.0000E+00
     1.4325E+01     5.4397E-08     5.4391E-08
     1.4345E+01     5.4397E-08     0.0000E+00
     1.4345E+01     5.0360E-08     0.0000E+00
     1.4365E+01     5.0360E-08     5.0355E-08
     1.4384E+01     5.0360E-08     0.0000E+00
     1.4384E+01     4.4329E-18     0.0000E+00
     1.4404E+01     4.4329E-18     0.0000E+00
     1.4424E+01     4.4329E-18     0.0000E+00
     1.4424E+01     4.4329E-18     0.0000E+00
     1.4443E+01     4.4329E-18     0.0000E+00
     1.4463E+01     4.4329E-18     0.0000E+00
     1.4463E+01     4.8790E-08     0.0000E+00
     1.4482E+01     4.8790E-08     4.8785E-08
     1.4502E+01     4.8790E-08     0.0000E+00
     1.4502E+01     4.4329E-18     0.0000E+00
     1.4521E+01     4.4329E-18     0.0000E+00
     1.4541E+01     4.4329E-18     0.0000E+00
     1.4541E+01     4.4374E-08     0.0000E+00
     1.4560E+01     4.4374E-08     4.4369E-08
     1.4580E+01     4.4374E-08     0.0000E+00
     1.4580E+01     5.0236E-08     0.0000E+00
     1.4599E+01     5.0236E-08     5.0231E-08
     1.4618E+01     5.0236E-08     0.0000E+00
     1.4618E+01     4.4329E-18     0.0000E+00
     1.4638E+01     4.4329E-18     0.0000E+00
     1.4657E+01     4.4329E-18     0.0000E+00
     1.4657E+01     9.4348E-08     0.0000E+00
     1.4676E+01     9.4348E-08     6.6760E-08
     1.4695E+01     9.4348E-08     0.0000E+00
     1.4695E+01     4.4329E-18     0.0000E+00
     1.4715E+01     4.4329E-18     0.0000E+00
     1.4734E+01     4.4329E-18     0.0000E+00
     1.4734E+01     4.4329E-18     0.0000E+00
     1.4753E+01     4.4329E-18     0.0000E+00
     1.4772E+01     4.4329E-18     0.0000E+00
     1.4772E+01     4.4329E-18     0.0000E+00
     1.4791E+01     4.4329E-18     0.0000E+00
     1.4810E+01     4.4329E-18     0.0000E+00
     1.4810E+01     4.4329E-18     0.0000E+00
     1.4829E+01     4.4329E-18     0.0000E+00
     1.4848E+01     4.4329E-18     0.0000E+00
     1.4848E+01     4.4758E-06     0.0000E+00
     1.4867E+01     4.4758E-06     4.4754E-06
     1.4887E+01     4.4758E-06     0.0000E+00
     1.4887E+01     4.4329E-18     0.0000E+00
     1.4905E+01     4.4329E-18     0.0000E+00
     1.4924E+01     4.4329E-18     0.0000E+00
     1.4924E+01     4.4329E-18     0.0000E+00
     1.4943E+01     4.4329E-18     0.0000E+00
     1.4962E+01     4.4329E-18     0.0000E+00
     1.4962E+01     4.4329E-18     0.0000E+00
     1.4981E+01     4.4329E-18     0.0000E+00
     1.5000E+01     4.4329E-18     0.0000E+00
     1.5000E+01     4.4329E-23     0.0000E+00
&
