@g0 type xy 
@    title "mean energy distribution"
@    subtitle "EX16MVp.egsphsp1"
@    legend on
@    legend box linestyle 0
@    legend x1 0.6
@    legend y1 0.75
@    view xmin 0.250000
@    xaxis  label "X /cm"
@    timestamp on
@    yaxis  label "mean energy /MeV"
@    s0 on
@    legend string  0 "IQ = 0 NO LATCH CHECK"
@TYPE xydy
@    s0 errorbar length 0.000000
@    s0 symbol color 1
     6.1237E-01     3.7688E+00     8.4514E-02
     1.4784E+00     3.7788E+00     7.9818E-02
     1.9267E+00     3.7245E+00     7.9160E-02
     2.2854E+00     3.9079E+00     7.8846E-02
     2.5941E+00     3.8753E+00     7.8234E-02
     2.8693E+00     3.7926E+00     7.4256E-02
     3.1202E+00     3.7593E+00     7.2890E-02
     3.3522E+00     3.8473E+00     7.9449E-02
     3.5692E+00     3.9254E+00     8.0865E-02
     3.7736E+00     3.8883E+00     7.8760E-02
     3.9675E+00     3.8522E+00     7.6239E-02
     4.1523E+00     3.9873E+00     8.0174E-02
     4.3293E+00     3.9190E+00     7.8739E-02
     4.4992E+00     3.9602E+00     7.7938E-02
     4.6630E+00     3.8474E+00     7.5357E-02
     4.8212E+00     3.9168E+00     7.6733E-02
     4.9744E+00     3.7216E+00     9.3721E-02
     5.1230E+00     1.8886E+00     1.5036E-01
     5.2673E+00     1.6347E+00     1.6676E-01
     5.4079E+00     2.1562E+00     1.9518E-01
     5.5449E+00     1.8928E+00     1.7801E-01
     5.6785E+00     1.9949E+00     1.6128E-01
     5.8091E+00     2.0341E+00     2.4323E-01
     5.9368E+00     1.7645E+00     1.7299E-01
     6.0619E+00     1.3768E+00     1.5215E-01
     6.1844E+00     1.4694E+00     1.6945E-01
     6.3045E+00     1.4400E+00     1.7367E-01
     6.4224E+00     1.6375E+00     1.8832E-01
     6.5381E+00     1.7306E+00     1.9475E-01
     6.6518E+00     1.5410E+00     1.7882E-01
     6.7636E+00     1.4887E+00     1.7883E-01
     6.8736E+00     1.6275E+00     2.0395E-01
     6.9819E+00     2.0730E+00     2.4927E-01
     7.0885E+00     1.2464E+00     2.0528E-01
     7.1936E+00     1.6919E+00     1.9205E-01
     7.2971E+00     1.3563E+00     2.3315E-01
     7.3992E+00     1.4666E+00     2.5923E-01
     7.4998E+00     1.6108E+00     2.3919E-01
     7.5992E+00     1.4912E+00     2.5728E-01
     7.6972E+00     1.2751E+00     1.7438E-01
     7.7941E+00     1.3821E+00     1.9551E-01
     7.8897E+00     1.6500E+00     2.6595E-01
     7.9842E+00     1.0274E+00     2.5658E-01
     8.0776E+00     1.3654E+00     2.2960E-01
     8.1699E+00     1.3934E+00     2.9899E-01
     8.2612E+00     1.5543E+00     2.3998E-01
     8.3515E+00     1.2714E+00     2.3477E-01
     8.4409E+00     1.5661E+00     4.5114E-01
     8.5292E+00     9.0607E-01     2.0183E-01
     8.6167E+00     1.3360E+00     2.4478E-01
     8.7033E+00     1.0084E+00     2.1584E-01
     8.7891E+00     1.1469E+00     2.1717E-01
     8.8740E+00     1.2887E+00     2.9957E-01
     8.9581E+00     1.2848E+00     2.9145E-01
     9.0415E+00     6.3853E-01     1.5513E-01
     9.1241E+00     8.4406E-01     2.1916E-01
     9.2059E+00     3.9655E-01     2.6474E-01
     9.2870E+00     1.2234E+00     3.3409E-01
     9.3674E+00     9.8758E-01     1.8598E-01
     9.4471E+00     1.5224E+00     9.2578E-01
     9.5262E+00     1.4177E+00     4.2153E-01
     9.6046E+00     2.4933E+00     1.5530E+00
     9.6824E+00     5.8183E-01     7.7596E-02
     9.7595E+00     1.2292E+00     1.2290E+00
     9.8361E+00     2.5711E+00     1.9659E+00
     9.9120E+00     9.7338E-01     6.3612E-01
     9.9874E+00     6.3738E-01     6.3732E-01
     1.0062E+01     3.9655E-11     0.0000E+00
     1.0137E+01     3.9655E-11     0.0000E+00
     1.0210E+01     6.2197E-01     6.2191E-01
     1.0283E+01     3.9655E-11     0.0000E+00
     1.0356E+01     3.9655E-11     0.0000E+00
     1.0428E+01     3.9655E-11     0.0000E+00
     1.0500E+01     3.9655E-11     0.0000E+00
     1.0571E+01     3.9655E-11     0.0000E+00
     1.0642E+01     3.9655E-11     0.0000E+00
     1.0712E+01     3.9655E-11     0.0000E+00
     1.0782E+01     3.9655E-11     0.0000E+00
     1.0851E+01     3.9655E-11     0.0000E+00
     1.0920E+01     3.9655E-11     0.0000E+00
     1.0989E+01     3.9655E-11     0.0000E+00
     1.1057E+01     3.9655E-11     0.0000E+00
     1.1124E+01     3.9655E-11     0.0000E+00
     1.1191E+01     3.9655E-11     0.0000E+00
     1.1258E+01     3.9655E-11     0.0000E+00
     1.1325E+01     3.9655E-11     0.0000E+00
     1.1391E+01     3.9655E-11     0.0000E+00
     1.1456E+01     1.8890E+00     1.8888E+00
     1.1522E+01     3.9655E-11     0.0000E+00
     1.1587E+01     3.9655E-11     0.0000E+00
     1.1651E+01     3.9655E-11     0.0000E+00
     1.1715E+01     3.9655E-11     0.0000E+00
     1.1779E+01     3.9655E-11     0.0000E+00
     1.1843E+01     3.9655E-11     0.0000E+00
     1.1906E+01     3.9655E-11     0.0000E+00
     1.1969E+01     3.9655E-11     0.0000E+00
     1.2031E+01     3.9655E-11     0.0000E+00
     1.2093E+01     3.9655E-11     0.0000E+00
     1.2155E+01     3.9655E-11     0.0000E+00
     1.2217E+01     3.9655E-11     0.0000E+00
     1.2278E+01     3.9655E-11     0.0000E+00
     1.2339E+01     3.9655E-11     0.0000E+00
     1.2400E+01     3.9655E-11     0.0000E+00
     1.2460E+01     3.9655E-11     0.0000E+00
     1.2520E+01     3.9655E-11     0.0000E+00
     1.2580E+01     3.9655E-11     0.0000E+00
     1.2639E+01     3.9655E-11     0.0000E+00
     1.2698E+01     3.9655E-11     0.0000E+00
     1.2757E+01     3.9655E-11     0.0000E+00
     1.2816E+01     3.9655E-11     0.0000E+00
     1.2874E+01     3.9655E-11     0.0000E+00
     1.2932E+01     3.9655E-11     0.0000E+00
     1.2990E+01     3.9655E-11     0.0000E+00
     1.3048E+01     3.9655E-11     0.0000E+00
     1.3105E+01     3.9655E-11     0.0000E+00
     1.3162E+01     3.9655E-11     0.0000E+00
     1.3219E+01     3.9655E-11     0.0000E+00
     1.3276E+01     3.9655E-11     0.0000E+00
     1.3332E+01     3.9655E-11     0.0000E+00
     1.3388E+01     3.9655E-11     0.0000E+00
     1.3444E+01     3.9655E-11     0.0000E+00
     1.3500E+01     3.9655E-11     0.0000E+00
     1.3555E+01     3.9655E-11     0.0000E+00
     1.3611E+01     3.9655E-11     0.0000E+00
     1.3666E+01     3.9655E-11     0.0000E+00
     1.3720E+01     3.9655E-11     0.0000E+00
     1.3775E+01     3.9655E-11     0.0000E+00
     1.3829E+01     3.9655E-11     0.0000E+00
     1.3883E+01     3.9655E-11     0.0000E+00
     1.3937E+01     3.9655E-11     0.0000E+00
     1.3991E+01     3.9655E-11     0.0000E+00
     1.4045E+01     3.9655E-11     0.0000E+00
     1.4098E+01     3.9655E-11     0.0000E+00
     1.4151E+01     3.9655E-11     0.0000E+00
     1.4204E+01     3.9655E-11     0.0000E+00
     1.4257E+01     3.9655E-11     0.0000E+00
     1.4309E+01     3.9655E-11     0.0000E+00
     1.4361E+01     3.9655E-11     0.0000E+00
     1.4414E+01     3.9655E-11     0.0000E+00
     1.4465E+01     3.9655E-11     0.0000E+00
     1.4517E+01     3.9655E-11     0.0000E+00
     1.4569E+01     3.9655E-11     0.0000E+00
     1.4620E+01     3.9655E-11     0.0000E+00
     1.4671E+01     3.9655E-11     0.0000E+00
     1.4722E+01     3.9655E-11     0.0000E+00
     1.4773E+01     3.9655E-11     0.0000E+00
     1.4824E+01     3.9655E-11     0.0000E+00
     1.4874E+01     4.1865E+00     4.1861E+00
     1.4925E+01     3.9655E-11     0.0000E+00
     1.4975E+01     3.9655E-11     0.0000E+00
&
