@g0 type xy 
@    title "spectral distribution"
@    subtitle "/home/miia/EGSnrc/egs_home/BEAM_EX16MVp/EX16MVp.egsphsp1"
@    legend on
@    legend box linestyle 0
@    legend x1 0.6
@    legend y1 0.75
@    view xmin 0.250000
@    xaxis  label "energy /MeV"
@    timestamp on
@    yaxis  label "fluence/MeV/incident particle /cm\\S-2\\N MeV\\S-1\\N"
@    s0 on
@    legend string  0 "IQ =2  NO LATCH CHECK"
@    s0 errorbar length 0.000000
@    s0 symbol color 1
@TYPE xydy
     8.0000E-12     2.7798E-14     0.0000E+00
     8.0000E-12     2.7898E-08     0.0000E+00
     4.0000E-02     2.7898E-08     8.8213E-09
     8.0000E-02     2.7898E-08     0.0000E+00
     8.0000E-02     3.1799E-07     0.0000E+00
     1.2000E-01     3.1799E-07     3.0775E-08
     1.6000E-01     3.1799E-07     0.0000E+00
     1.6000E-01     4.9644E-07     0.0000E+00
     2.0000E-01     4.9644E-07     3.7973E-08
     2.4000E-01     4.9644E-07     0.0000E+00
     2.4000E-01     6.8951E-07     0.0000E+00
     2.8000E-01     6.8951E-07     4.6887E-08
     3.2000E-01     6.8951E-07     0.0000E+00
     3.2000E-01     7.1630E-07     0.0000E+00
     3.6000E-01     7.1630E-07     4.6277E-08
     4.0000E-01     7.1630E-07     0.0000E+00
     4.0000E-01     8.4697E-07     0.0000E+00
     4.4000E-01     8.4697E-07     4.9854E-08
     4.8000E-01     8.4697E-07     0.0000E+00
     4.8000E-01     1.6119E-06     0.0000E+00
     5.2000E-01     1.6119E-06     2.8936E-07
     5.6000E-01     1.6119E-06     0.0000E+00
     5.6000E-01     1.3586E-06     0.0000E+00
     6.0000E-01     1.3586E-06     2.8697E-07
     6.4000E-01     1.3586E-06     0.0000E+00
     6.4000E-01     1.0828E-06     0.0000E+00
     6.8000E-01     1.0828E-06     5.6498E-08
     7.2000E-01     1.0828E-06     0.0000E+00
     7.2000E-01     1.2294E-06     0.0000E+00
     7.6000E-01     1.2294E-06     6.0128E-08
     8.0000E-01     1.2294E-06     0.0000E+00
     8.0000E-01     1.5690E-06     0.0000E+00
     8.4000E-01     1.5690E-06     2.8990E-07
     8.8000E-01     1.5690E-06     0.0000E+00
     8.8000E-01     1.3867E-06     0.0000E+00
     9.2000E-01     1.3867E-06     6.3614E-08
     9.6000E-01     1.3867E-06     0.0000E+00
     9.6000E-01     1.3867E-06     0.0000E+00
     1.0000E+00     1.3867E-06     6.4774E-08
     1.0400E+00     1.3867E-06     0.0000E+00
     1.0400E+00     1.4675E-06     0.0000E+00
     1.0800E+00     1.4675E-06     6.5751E-08
     1.1200E+00     1.4675E-06     0.0000E+00
     1.1200E+00     1.4727E-06     0.0000E+00
     1.1600E+00     1.4727E-06     6.6090E-08
     1.2000E+00     1.4727E-06     0.0000E+00
     1.2000E+00     1.4679E-06     0.0000E+00
     1.2400E+00     1.4679E-06     6.5412E-08
     1.2800E+00     1.4679E-06     0.0000E+00
     1.2800E+00     1.5021E-06     0.0000E+00
     1.3200E+00     1.5021E-06     6.5719E-08
     1.3600E+00     1.5021E-06     0.0000E+00
     1.3600E+00     1.5105E-06     0.0000E+00
     1.4000E+00     1.5105E-06     6.6943E-08
     1.4400E+00     1.5105E-06     0.0000E+00
     1.4400E+00     1.4550E-06     0.0000E+00
     1.4800E+00     1.4550E-06     6.5458E-08
     1.5200E+00     1.4550E-06     0.0000E+00
     1.5200E+00     1.4388E-06     0.0000E+00
     1.5600E+00     1.4388E-06     6.5719E-08
     1.6000E+00     1.4388E-06     0.0000E+00
     1.6000E+00     1.3959E-06     0.0000E+00
     1.6400E+00     1.3959E-06     6.3545E-08
     1.6800E+00     1.3959E-06     0.0000E+00
     1.6800E+00     1.3603E-06     0.0000E+00
     1.7200E+00     1.3603E-06     6.2712E-08
     1.7600E+00     1.3603E-06     0.0000E+00
     1.7600E+00     1.3908E-06     0.0000E+00
     1.8000E+00     1.3908E-06     6.3003E-08
     1.8400E+00     1.3908E-06     0.0000E+00
     1.8400E+00     1.6805E-06     0.0000E+00
     1.8800E+00     1.6805E-06     2.9107E-07
     1.9200E+00     1.6805E-06     0.0000E+00
     1.9200E+00     1.3495E-06     0.0000E+00
     1.9600E+00     1.3495E-06     6.2732E-08
     2.0000E+00     1.3495E-06     0.0000E+00
     2.0000E+00     1.5585E-06     0.0000E+00
     2.0400E+00     1.5585E-06     2.8735E-07
     2.0800E+00     1.5585E-06     0.0000E+00
     2.0800E+00     1.1764E-06     0.0000E+00
     2.1200E+00     1.1764E-06     5.8563E-08
     2.1600E+00     1.1764E-06     0.0000E+00
     2.1600E+00     1.1855E-06     0.0000E+00
     2.2000E+00     1.1855E-06     5.9319E-08
     2.2400E+00     1.1855E-06     0.0000E+00
     2.2400E+00     1.1848E-06     0.0000E+00
     2.2800E+00     1.1848E-06     5.8891E-08
     2.3200E+00     1.1848E-06     0.0000E+00
     2.3200E+00     1.1546E-06     0.0000E+00
     2.3600E+00     1.1546E-06     5.7663E-08
     2.4000E+00     1.1546E-06     0.0000E+00
     2.4000E+00     1.0625E-06     0.0000E+00
     2.4400E+00     1.0625E-06     5.5144E-08
     2.4800E+00     1.0625E-06     0.0000E+00
     2.4800E+00     1.1040E-06     0.0000E+00
     2.5200E+00     1.1040E-06     5.6707E-08
     2.5600E+00     1.1040E-06     0.0000E+00
     2.5600E+00     1.0767E-06     0.0000E+00
     2.6000E+00     1.0767E-06     5.5642E-08
     2.6400E+00     1.0767E-06     0.0000E+00
     2.6400E+00     9.7675E-07     0.0000E+00
     2.6800E+00     9.7675E-07     5.3130E-08
     2.7200E+00     9.7675E-07     0.0000E+00
     2.7200E+00     9.5665E-07     0.0000E+00
     2.7600E+00     9.5665E-07     5.2446E-08
     2.8000E+00     9.5665E-07     0.0000E+00
     2.8000E+00     9.2393E-07     0.0000E+00
     2.8400E+00     9.2393E-07     5.1601E-08
     2.8800E+00     9.2393E-07     0.0000E+00
     2.8800E+00     9.1499E-07     0.0000E+00
     2.9200E+00     9.1499E-07     5.1796E-08
     2.9600E+00     9.1499E-07     0.0000E+00
     2.9600E+00     9.0679E-07     0.0000E+00
     3.0000E+00     9.0679E-07     5.0520E-08
     3.0400E+00     9.0679E-07     0.0000E+00
     3.0400E+00     8.3434E-07     0.0000E+00
     3.0800E+00     8.3434E-07     4.8509E-08
     3.1200E+00     8.3434E-07     0.0000E+00
     3.1200E+00     8.7643E-07     0.0000E+00
     3.1600E+00     8.7643E-07     5.0622E-08
     3.2000E+00     8.7643E-07     0.0000E+00
     3.2000E+00     7.4834E-07     0.0000E+00
     3.2400E+00     7.4834E-07     4.6180E-08
     3.2800E+00     7.4834E-07     0.0000E+00
     3.2800E+00     8.7108E-07     0.0000E+00
     3.3200E+00     8.7108E-07     4.9866E-08
     3.3600E+00     8.7108E-07     0.0000E+00
     3.3600E+00     8.4538E-07     0.0000E+00
     3.4000E+00     8.4538E-07     4.9913E-08
     3.4400E+00     8.4538E-07     0.0000E+00
     3.4400E+00     7.5357E-07     0.0000E+00
     3.4800E+00     7.5357E-07     4.5990E-08
     3.5200E+00     7.5357E-07     0.0000E+00
     3.5200E+00     7.8698E-07     0.0000E+00
     3.5600E+00     7.8698E-07     4.7307E-08
     3.6000E+00     7.8698E-07     0.0000E+00
     3.6000E+00     6.4267E-07     0.0000E+00
     3.6400E+00     6.4267E-07     4.2371E-08
     3.6800E+00     6.4267E-07     0.0000E+00
     3.6800E+00     7.0967E-07     0.0000E+00
     3.7200E+00     7.0967E-07     4.5022E-08
     3.7600E+00     7.0967E-07     0.0000E+00
     3.7600E+00     7.0080E-07     0.0000E+00
     3.8000E+00     7.0080E-07     4.5081E-08
     3.8400E+00     7.0080E-07     0.0000E+00
     3.8400E+00     6.7300E-07     0.0000E+00
     3.8800E+00     6.7300E-07     4.3337E-08
     3.9200E+00     6.7300E-07     0.0000E+00
     3.9200E+00     6.6466E-07     0.0000E+00
     3.9600E+00     6.6466E-07     4.3250E-08
     4.0000E+00     6.6466E-07     0.0000E+00
     4.0000E+00     6.0915E-07     0.0000E+00
     4.0400E+00     6.0915E-07     4.1262E-08
     4.0800E+00     6.0915E-07     0.0000E+00
     4.0800E+00     6.5626E-07     0.0000E+00
     4.1200E+00     6.5626E-07     4.3699E-08
     4.1600E+00     6.5626E-07     0.0000E+00
     4.1600E+00     8.9617E-07     0.0000E+00
     4.2000E+00     8.9617E-07     2.8426E-07
     4.2400E+00     8.9617E-07     0.0000E+00
     4.2400E+00     6.2033E-07     0.0000E+00
     4.2800E+00     6.2033E-07     4.1820E-08
     4.3200E+00     6.2033E-07     0.0000E+00
     4.3200E+00     5.5335E-07     0.0000E+00
     4.3600E+00     5.5335E-07     3.9345E-08
     4.4000E+00     5.5335E-07     0.0000E+00
     4.4000E+00     5.4551E-07     0.0000E+00
     4.4400E+00     5.4551E-07     3.9871E-08
     4.4800E+00     5.4551E-07     0.0000E+00
     4.4800E+00     4.9223E-07     0.0000E+00
     4.5200E+00     4.9223E-07     3.7353E-08
     4.5600E+00     4.9223E-07     0.0000E+00
     4.5600E+00     4.8127E-07     0.0000E+00
     4.6000E+00     4.8127E-07     3.6738E-08
     4.6400E+00     4.8127E-07     0.0000E+00
     4.6400E+00     4.7839E-07     0.0000E+00
     4.6800E+00     4.7839E-07     3.6837E-08
     4.7200E+00     4.7839E-07     0.0000E+00
     4.7200E+00     4.5325E-07     0.0000E+00
     4.7600E+00     4.5325E-07     3.5661E-08
     4.8000E+00     4.5325E-07     0.0000E+00
     4.8000E+00     4.6171E-07     0.0000E+00
     4.8400E+00     4.6171E-07     3.6420E-08
     4.8800E+00     4.6171E-07     0.0000E+00
     4.8800E+00     5.0361E-07     0.0000E+00
     4.9200E+00     5.0361E-07     3.7366E-08
     4.9600E+00     5.0361E-07     0.0000E+00
     4.9600E+00     4.8121E-07     0.0000E+00
     5.0000E+00     4.8121E-07     3.6944E-08
     5.0400E+00     4.8121E-07     0.0000E+00
     5.0400E+00     4.4500E-07     0.0000E+00
     5.0800E+00     4.4500E-07     3.5345E-08
     5.1200E+00     4.4500E-07     0.0000E+00
     5.1200E+00     4.0873E-07     0.0000E+00
     5.1600E+00     4.0873E-07     3.3891E-08
     5.2000E+00     4.0873E-07     0.0000E+00
     5.2000E+00     3.8938E-07     0.0000E+00
     5.2400E+00     3.8938E-07     3.2863E-08
     5.2800E+00     3.8938E-07     0.0000E+00
     5.2800E+00     4.5071E-07     0.0000E+00
     5.3200E+00     4.5071E-07     3.6020E-08
     5.3600E+00     4.5071E-07     0.0000E+00
     5.3600E+00     3.5594E-07     0.0000E+00
     5.4000E+00     3.5594E-07     3.1421E-08
     5.4400E+00     3.5594E-07     0.0000E+00
     5.4400E+00     4.2001E-07     0.0000E+00
     5.4800E+00     4.2001E-07     3.4129E-08
     5.5200E+00     4.2001E-07     0.0000E+00
     5.5200E+00     3.7812E-07     0.0000E+00
     5.5600E+00     3.7812E-07     3.2379E-08
     5.6000E+00     3.7812E-07     0.0000E+00
     5.6000E+00     3.3374E-07     0.0000E+00
     5.6400E+00     3.3374E-07     3.0934E-08
     5.6800E+00     3.3374E-07     0.0000E+00
     5.6800E+00     3.6420E-07     0.0000E+00
     5.7200E+00     3.6420E-07     3.2021E-08
     5.7600E+00     3.6420E-07     0.0000E+00
     5.7600E+00     3.5316E-07     0.0000E+00
     5.8000E+00     3.5316E-07     3.1299E-08
     5.8400E+00     3.5316E-07     0.0000E+00
     5.8400E+00     3.7818E-07     0.0000E+00
     5.8800E+00     3.7818E-07     3.2385E-08
     5.9200E+00     3.7818E-07     0.0000E+00
     5.9200E+00     3.3644E-07     0.0000E+00
     5.9600E+00     3.3644E-07     3.0549E-08
     6.0000E+00     3.3644E-07     0.0000E+00
     6.0000E+00     3.1708E-07     0.0000E+00
     6.0400E+00     3.1708E-07     2.9923E-08
     6.0800E+00     3.1708E-07     0.0000E+00
     6.0800E+00     3.2810E-07     0.0000E+00
     6.1200E+00     3.2810E-07     3.0169E-08
     6.1600E+00     3.2810E-07     0.0000E+00
     6.1600E+00     3.1148E-07     0.0000E+00
     6.2000E+00     3.1148E-07     2.9661E-08
     6.2400E+00     3.1148E-07     0.0000E+00
     6.2400E+00     3.1421E-07     0.0000E+00
     6.2800E+00     3.1421E-07     2.9526E-08
     6.3200E+00     3.1421E-07     0.0000E+00
     6.3200E+00     3.3373E-07     0.0000E+00
     6.3600E+00     3.3373E-07     3.0933E-08
     6.4000E+00     3.3373E-07     0.0000E+00
     6.4000E+00     3.3647E-07     0.0000E+00
     6.4400E+00     3.3647E-07     3.0804E-08
     6.4800E+00     3.3647E-07     0.0000E+00
     6.4800E+00     3.6427E-07     0.0000E+00
     6.5200E+00     3.6427E-07     3.2027E-08
     6.5600E+00     3.6427E-07     0.0000E+00
     6.5600E+00     2.9472E-07     0.0000E+00
     6.6000E+00     2.9472E-07     2.8596E-08
     6.6400E+00     2.9472E-07     0.0000E+00
     6.6400E+00     3.2263E-07     0.0000E+00
     6.6800E+00     3.2263E-07     3.0178E-08
     6.7200E+00     3.2263E-07     0.0000E+00
     6.7200E+00     2.4748E-07     0.0000E+00
     6.7600E+00     2.4748E-07     2.6503E-08
     6.8000E+00     2.4748E-07     0.0000E+00
     6.8000E+00     2.8083E-07     0.0000E+00
     6.8400E+00     2.8083E-07     2.7916E-08
     6.8800E+00     2.8083E-07     0.0000E+00
     6.8800E+00     2.4468E-07     0.0000E+00
     6.9200E+00     2.4468E-07     2.6355E-08
     6.9600E+00     2.4468E-07     0.0000E+00
     6.9600E+00     2.4199E-07     0.0000E+00
     7.0000E+00     2.4199E-07     2.5922E-08
     7.0400E+00     2.4199E-07     0.0000E+00
     7.0400E+00     2.7249E-07     0.0000E+00
     7.0800E+00     2.7249E-07     2.7779E-08
     7.1200E+00     2.7249E-07     0.0000E+00
     7.1200E+00     2.1131E-07     0.0000E+00
     7.1600E+00     2.1131E-07     2.4221E-08
     7.2000E+00     2.1131E-07     0.0000E+00
     7.2000E+00     2.1407E-07     0.0000E+00
     7.2400E+00     2.1407E-07     2.4377E-08
     7.2800E+00     2.1407E-07     0.0000E+00
     7.2800E+00     2.3355E-07     0.0000E+00
     7.3200E+00     2.3355E-07     2.5462E-08
     7.3600E+00     2.3355E-07     0.0000E+00
     7.3600E+00     2.0298E-07     0.0000E+00
     7.4000E+00     2.0298E-07     2.3740E-08
     7.4400E+00     2.0298E-07     0.0000E+00
     7.4400E+00     2.3635E-07     0.0000E+00
     7.4800E+00     2.3635E-07     2.5614E-08
     7.5200E+00     2.3635E-07     0.0000E+00
     7.5200E+00     2.1695E-07     0.0000E+00
     7.5600E+00     2.1695E-07     2.4546E-08
     7.6000E+00     2.1695E-07     0.0000E+00
     7.6000E+00     2.2802E-07     0.0000E+00
     7.6400E+00     2.2802E-07     2.5160E-08
     7.6800E+00     2.2802E-07     0.0000E+00
     7.6800E+00     2.0022E-07     0.0000E+00
     7.7200E+00     2.0022E-07     2.3579E-08
     7.7600E+00     2.0022E-07     0.0000E+00
     7.7600E+00     1.9741E-07     0.0000E+00
     7.8000E+00     1.9741E-07     2.3412E-08
     7.8400E+00     1.9741E-07     0.0000E+00
     7.8400E+00     2.2802E-07     0.0000E+00
     7.8800E+00     2.2802E-07     2.5161E-08
     7.9200E+00     2.2802E-07     0.0000E+00
     7.9200E+00     2.2244E-07     0.0000E+00
     7.9600E+00     2.2244E-07     2.5159E-08
     8.0000E+00     2.2244E-07     0.0000E+00
     8.0000E+00     2.1408E-07     0.0000E+00
     8.0400E+00     2.1408E-07     2.4378E-08
     8.0800E+00     2.1408E-07     0.0000E+00
     8.0800E+00     1.3900E-07     0.0000E+00
     8.1200E+00     1.3900E-07     1.9649E-08
     8.1600E+00     1.3900E-07     0.0000E+00
     8.1600E+00     2.1425E-07     0.0000E+00
     8.2000E+00     2.1425E-07     2.4713E-08
     8.2400E+00     2.1425E-07     0.0000E+00
     8.2400E+00     1.7237E-07     0.0000E+00
     8.2800E+00     1.7237E-07     2.1878E-08
     8.3200E+00     1.7237E-07     0.0000E+00
     8.3200E+00     1.7795E-07     0.0000E+00
     8.3600E+00     1.7795E-07     2.2229E-08
     8.4000E+00     1.7795E-07     0.0000E+00
     8.4000E+00     1.9183E-07     0.0000E+00
     8.4400E+00     1.9183E-07     2.3078E-08
     8.4800E+00     1.9183E-07     0.0000E+00
     8.4800E+00     1.9464E-07     0.0000E+00
     8.5200E+00     1.9464E-07     2.3247E-08
     8.5600E+00     1.9464E-07     0.0000E+00
     8.5600E+00     1.8072E-07     0.0000E+00
     8.6000E+00     1.8072E-07     2.2401E-08
     8.6400E+00     1.8072E-07     0.0000E+00
     8.6400E+00     1.6961E-07     0.0000E+00
     8.6800E+00     1.6961E-07     2.1703E-08
     8.7200E+00     1.6961E-07     0.0000E+00
     8.7200E+00     1.3625E-07     0.0000E+00
     8.7600E+00     1.3625E-07     1.9456E-08
     8.8000E+00     1.3625E-07     0.0000E+00
     8.8000E+00     1.4735E-07     0.0000E+00
     8.8400E+00     1.4735E-07     2.0229E-08
     8.8800E+00     1.4735E-07     0.0000E+00
     8.8800E+00     1.8349E-07     0.0000E+00
     8.9200E+00     1.8349E-07     2.3247E-08
     8.9600E+00     1.8349E-07     0.0000E+00
     8.9600E+00     1.5847E-07     0.0000E+00
     9.0000E+00     1.5847E-07     2.0978E-08
     9.0400E+00     1.5847E-07     0.0000E+00
     9.0400E+00     1.8631E-07     0.0000E+00
     9.0800E+00     1.8631E-07     2.3416E-08
     9.1200E+00     1.8631E-07     0.0000E+00
     9.1200E+00     1.3354E-07     0.0000E+00
     9.1600E+00     1.3354E-07     1.9266E-08
     9.2000E+00     1.3354E-07     0.0000E+00
     9.2000E+00     1.3345E-07     0.0000E+00
     9.2400E+00     1.3345E-07     1.9253E-08
     9.2800E+00     1.3345E-07     0.0000E+00
     9.2800E+00     1.1955E-07     0.0000E+00
     9.3200E+00     1.1955E-07     1.8223E-08
     9.3600E+00     1.1955E-07     0.0000E+00
     9.3600E+00     1.3902E-07     0.0000E+00
     9.4000E+00     1.3902E-07     1.9651E-08
     9.4400E+00     1.3902E-07     0.0000E+00
     9.4400E+00     1.8629E-07     0.0000E+00
     9.4800E+00     1.8629E-07     2.3082E-08
     9.5200E+00     1.8629E-07     0.0000E+00
     9.5200E+00     1.2511E-07     0.0000E+00
     9.5600E+00     1.2511E-07     1.8642E-08
     9.6000E+00     1.2511E-07     0.0000E+00
     9.6000E+00     1.3624E-07     0.0000E+00
     9.6400E+00     1.3624E-07     1.9454E-08
     9.6800E+00     1.3624E-07     0.0000E+00
     9.6800E+00     1.6404E-07     0.0000E+00
     9.7200E+00     1.6404E-07     2.1343E-08
     9.7600E+00     1.6404E-07     0.0000E+00
     9.7600E+00     1.0842E-07     0.0000E+00
     9.8000E+00     1.0842E-07     1.7355E-08
     9.8400E+00     1.0842E-07     0.0000E+00
     9.8400E+00     1.3900E-07     0.0000E+00
     9.8800E+00     1.3900E-07     1.9647E-08
     9.9200E+00     1.3900E-07     0.0000E+00
     9.9200E+00     1.0291E-07     0.0000E+00
     9.9600E+00     1.0291E-07     1.6912E-08
     1.0000E+01     1.0291E-07     0.0000E+00
     1.0000E+01     9.4526E-08     0.0000E+00
     1.0040E+01     9.4526E-08     1.6206E-08
     1.0080E+01     9.4526E-08     0.0000E+00
     1.0080E+01     1.1678E-07     0.0000E+00
     1.0120E+01     1.1678E-07     1.8011E-08
     1.0160E+01     1.1678E-07     0.0000E+00
     1.0160E+01     1.2791E-07     0.0000E+00
     1.0200E+01     1.2791E-07     1.9257E-08
     1.0240E+01     1.2791E-07     0.0000E+00
     1.0240E+01     1.1399E-07     0.0000E+00
     1.0280E+01     1.1399E-07     1.7796E-08
     1.0320E+01     1.1399E-07     0.0000E+00
     1.0320E+01     1.3624E-07     0.0000E+00
     1.0360E+01     1.3624E-07     1.9453E-08
     1.0400E+01     1.3624E-07     0.0000E+00
     1.0400E+01     9.1739E-08     0.0000E+00
     1.0440E+01     9.1739E-08     1.5965E-08
     1.0480E+01     9.1739E-08     0.0000E+00
     1.0480E+01     1.0007E-07     0.0000E+00
     1.0520E+01     1.0007E-07     1.6673E-08
     1.0560E+01     1.0007E-07     0.0000E+00
     1.0560E+01     1.0563E-07     0.0000E+00
     1.0600E+01     1.0563E-07     1.7130E-08
     1.0640E+01     1.0563E-07     0.0000E+00
     1.0640E+01     9.4543E-08     0.0000E+00
     1.0680E+01     9.4543E-08     1.6209E-08
     1.0720E+01     9.4543E-08     0.0000E+00
     1.0720E+01     9.4536E-08     0.0000E+00
     1.0760E+01     9.4536E-08     1.6207E-08
     1.0800E+01     9.4536E-08     0.0000E+00
     1.0800E+01     8.0632E-08     0.0000E+00
     1.0840E+01     8.0632E-08     1.4969E-08
     1.0880E+01     8.0632E-08     0.0000E+00
     1.0880E+01     5.8386E-08     0.0000E+00
     1.0920E+01     5.8386E-08     1.2738E-08
     1.0960E+01     5.8386E-08     0.0000E+00
     1.0960E+01     8.3415E-08     0.0000E+00
     1.1000E+01     8.3415E-08     1.5225E-08
     1.1040E+01     8.3415E-08     0.0000E+00
     1.1040E+01     6.1160E-08     0.0000E+00
     1.1080E+01     6.1160E-08     1.3037E-08
     1.1120E+01     6.1160E-08     0.0000E+00
     1.1120E+01     8.8980E-08     0.0000E+00
     1.1160E+01     8.8980E-08     1.5725E-08
     1.1200E+01     8.8980E-08     0.0000E+00
     1.1200E+01     1.0566E-07     0.0000E+00
     1.1240E+01     1.0566E-07     1.7134E-08
     1.1280E+01     1.0566E-07     0.0000E+00
     1.1280E+01     9.1746E-08     0.0000E+00
     1.1320E+01     9.1746E-08     1.5966E-08
     1.1360E+01     9.1746E-08     0.0000E+00
     1.1360E+01     8.0645E-08     0.0000E+00
     1.1400E+01     8.0645E-08     1.4971E-08
     1.1440E+01     8.0645E-08     0.0000E+00
     1.1440E+01     6.9496E-08     0.0000E+00
     1.1480E+01     6.9496E-08     1.3896E-08
     1.1520E+01     6.9496E-08     0.0000E+00
     1.1520E+01     1.0565E-07     0.0000E+00
     1.1560E+01     1.0565E-07     1.7578E-08
     1.1600E+01     1.0565E-07     0.0000E+00
     1.1600E+01     9.4527E-08     0.0000E+00
     1.1640E+01     9.4527E-08     1.6206E-08
     1.1680E+01     9.4527E-08     0.0000E+00
     1.1680E+01     8.0621E-08     0.0000E+00
     1.1720E+01     8.0621E-08     1.4967E-08
     1.1760E+01     8.0621E-08     0.0000E+00
     1.1760E+01     8.6198E-08     0.0000E+00
     1.1800E+01     8.6198E-08     1.5477E-08
     1.1840E+01     8.6198E-08     0.0000E+00
     1.1840E+01     8.0626E-08     0.0000E+00
     1.1880E+01     8.0626E-08     1.4968E-08
     1.1920E+01     8.0626E-08     0.0000E+00
     1.1920E+01     4.7253E-08     0.0000E+00
     1.1960E+01     4.7253E-08     1.1459E-08
     1.2000E+01     4.7253E-08     0.0000E+00
     1.2000E+01     6.9495E-08     0.0000E+00
     1.2040E+01     6.9495E-08     1.3896E-08
     1.2080E+01     6.9495E-08     0.0000E+00
     1.2080E+01     5.8379E-08     0.0000E+00
     1.2120E+01     5.8379E-08     1.2737E-08
     1.2160E+01     5.8379E-08     0.0000E+00
     1.2160E+01     8.3402E-08     0.0000E+00
     1.2200E+01     8.3402E-08     1.5223E-08
     1.2240E+01     8.3402E-08     0.0000E+00
     1.2240E+01     7.5074E-08     0.0000E+00
     1.2280E+01     7.5074E-08     1.4444E-08
     1.2320E+01     7.5074E-08     0.0000E+00
     1.2320E+01     7.5062E-08     0.0000E+00
     1.2360E+01     7.5062E-08     1.4442E-08
     1.2400E+01     7.5062E-08     0.0000E+00
     1.2400E+01     5.0056E-08     0.0000E+00
     1.2440E+01     5.0056E-08     1.1796E-08
     1.2480E+01     5.0056E-08     0.0000E+00
     1.2480E+01     5.5600E-08     0.0000E+00
     1.2520E+01     5.5600E-08     1.2430E-08
     1.2560E+01     5.5600E-08     0.0000E+00
     1.2560E+01     4.1718E-08     0.0000E+00
     1.2600E+01     4.1718E-08     1.0770E-08
     1.2640E+01     4.1718E-08     0.0000E+00
     1.2640E+01     5.0038E-08     0.0000E+00
     1.2680E+01     5.0038E-08     1.1792E-08
     1.2720E+01     5.0038E-08     0.0000E+00
     1.2720E+01     4.4475E-08     0.0000E+00
     1.2760E+01     4.4475E-08     1.1117E-08
     1.2800E+01     4.4475E-08     0.0000E+00
     1.2800E+01     4.7272E-08     0.0000E+00
     1.2840E+01     4.7272E-08     1.1463E-08
     1.2880E+01     4.7272E-08     0.0000E+00
     1.2880E+01     8.0627E-08     0.0000E+00
     1.2920E+01     8.0627E-08     1.5476E-08
     1.2960E+01     8.0627E-08     0.0000E+00
     1.2960E+01     5.8378E-08     0.0000E+00
     1.3000E+01     5.8378E-08     1.2736E-08
     1.3040E+01     5.8378E-08     0.0000E+00
     1.3040E+01     7.5077E-08     0.0000E+00
     1.3080E+01     7.5077E-08     1.4445E-08
     1.3120E+01     7.5077E-08     0.0000E+00
     1.3120E+01     4.7268E-08     0.0000E+00
     1.3160E+01     4.7268E-08     1.1462E-08
     1.3200E+01     4.7268E-08     0.0000E+00
     1.3200E+01     4.7256E-08     0.0000E+00
     1.3240E+01     4.7256E-08     1.1459E-08
     1.3280E+01     4.7256E-08     0.0000E+00
     1.3280E+01     6.3939E-08     0.0000E+00
     1.3320E+01     6.3939E-08     1.3897E-08
     1.3360E+01     6.3939E-08     0.0000E+00
     1.3360E+01     4.4479E-08     0.0000E+00
     1.3400E+01     4.4479E-08     1.1118E-08
     1.3440E+01     4.4479E-08     0.0000E+00
     1.3440E+01     4.7255E-08     0.0000E+00
     1.3480E+01     4.7255E-08     1.1459E-08
     1.3520E+01     4.7255E-08     0.0000E+00
     1.3520E+01     2.2245E-08     0.0000E+00
     1.3560E+01     2.2245E-08     7.8644E-09
     1.3600E+01     2.2245E-08     0.0000E+00
     1.3600E+01     5.2818E-08     0.0000E+00
     1.3640E+01     5.2818E-08     1.2115E-08
     1.3680E+01     5.2818E-08     0.0000E+00
     1.3680E+01     3.8932E-08     0.0000E+00
     1.3720E+01     3.8932E-08     1.0404E-08
     1.3760E+01     3.8932E-08     0.0000E+00
     1.3760E+01     5.2836E-08     0.0000E+00
     1.3800E+01     5.2836E-08     1.2119E-08
     1.3840E+01     5.2836E-08     0.0000E+00
     1.3840E+01     3.8929E-08     0.0000E+00
     1.3880E+01     3.8929E-08     1.0403E-08
     1.3920E+01     3.8929E-08     0.0000E+00
     1.3920E+01     4.7287E-08     0.0000E+00
     1.3960E+01     4.7287E-08     1.1467E-08
     1.4000E+01     4.7287E-08     0.0000E+00
     1.4000E+01     4.7253E-08     0.0000E+00
     1.4040E+01     4.7253E-08     1.1459E-08
     1.4080E+01     4.7253E-08     0.0000E+00
     1.4080E+01     3.8940E-08     0.0000E+00
     1.4120E+01     3.8940E-08     1.0406E-08
     1.4160E+01     3.8940E-08     0.0000E+00
     1.4160E+01     3.3360E-08     0.0000E+00
     1.4200E+01     3.3360E-08     9.6290E-09
     1.4240E+01     3.3360E-08     0.0000E+00
     1.4240E+01     4.4478E-08     0.0000E+00
     1.4280E+01     4.4478E-08     1.1118E-08
     1.4320E+01     4.4478E-08     0.0000E+00
     1.4320E+01     2.2240E-08     0.0000E+00
     1.4360E+01     2.2240E-08     7.8625E-09
     1.4400E+01     2.2240E-08     0.0000E+00
     1.4400E+01     3.0583E-08     0.0000E+00
     1.4440E+01     3.0583E-08     9.2201E-09
     1.4480E+01     3.0583E-08     0.0000E+00
     1.4480E+01     3.8922E-08     0.0000E+00
     1.4520E+01     3.8922E-08     1.0401E-08
     1.4560E+01     3.8922E-08     0.0000E+00
     1.4560E+01     3.3364E-08     0.0000E+00
     1.4600E+01     3.3364E-08     9.6302E-09
     1.4640E+01     3.3364E-08     0.0000E+00
     1.4640E+01     3.8922E-08     0.0000E+00
     1.4680E+01     3.8922E-08     1.0401E-08
     1.4720E+01     3.8922E-08     0.0000E+00
     1.4720E+01     3.0586E-08     0.0000E+00
     1.4760E+01     3.0586E-08     9.2210E-09
     1.4800E+01     3.0586E-08     0.0000E+00
     1.4800E+01     1.3896E-08     0.0000E+00
     1.4840E+01     1.3896E-08     6.2144E-09
     1.4880E+01     1.3896E-08     0.0000E+00
     1.4880E+01     1.6685E-08     0.0000E+00
     1.4920E+01     1.6685E-08     6.8113E-09
     1.4960E+01     1.6685E-08     0.0000E+00
     1.4960E+01     2.5024E-08     0.0000E+00
     1.5000E+01     2.5024E-08     8.3406E-09
     1.5040E+01     2.5024E-08     0.0000E+00
     1.5040E+01     2.2237E-08     0.0000E+00
     1.5080E+01     2.2237E-08     7.8613E-09
     1.5120E+01     2.2237E-08     0.0000E+00
     1.5120E+01     1.1120E-08     0.0000E+00
     1.5160E+01     1.1120E-08     5.5599E-09
     1.5200E+01     1.1120E-08     0.0000E+00
     1.5200E+01     8.3408E-09     0.0000E+00
     1.5240E+01     8.3408E-09     4.8155E-09
     1.5280E+01     8.3408E-09     0.0000E+00
     1.5280E+01     1.1123E-08     0.0000E+00
     1.5320E+01     1.1123E-08     5.5613E-09
     1.5360E+01     1.1123E-08     0.0000E+00
     1.5360E+01     1.9454E-08     0.0000E+00
     1.5400E+01     1.9454E-08     7.3525E-09
     1.5440E+01     1.9454E-08     0.0000E+00
     1.5440E+01     1.1123E-08     0.0000E+00
     1.5480E+01     1.1123E-08     5.5611E-09
     1.5520E+01     1.1123E-08     0.0000E+00
     1.5520E+01     1.9456E-08     0.0000E+00
     1.5560E+01     1.9456E-08     7.3532E-09
     1.5600E+01     1.9456E-08     0.0000E+00
     1.5600E+01     8.3436E-09     0.0000E+00
     1.5640E+01     8.3436E-09     4.8171E-09
     1.5680E+01     8.3436E-09     0.0000E+00
     1.5680E+01     2.7805E-09     0.0000E+00
     1.5720E+01     2.7805E-09     2.7802E-09
     1.5760E+01     2.7805E-09     0.0000E+00
     1.5760E+01     8.3407E-09     0.0000E+00
     1.5800E+01     8.3407E-09     4.8154E-09
     1.5840E+01     8.3407E-09     0.0000E+00
     1.5840E+01     5.5586E-09     0.0000E+00
     1.5880E+01     5.5586E-09     3.9305E-09
     1.5920E+01     5.5586E-09     0.0000E+00
     1.5920E+01     2.7798E-09     0.0000E+00
     1.5960E+01     2.7798E-09     2.7795E-09
     1.6000E+01     2.7798E-09     0.0000E+00
     1.6000E+01     2.7798E-14     0.0000E+00
&
