@g0 type logx 
@    xaxis  ticklabel format exponential
@    title "weight distribution"
@    subtitle "/home/miia/EGSnrc/egs_home/BEAM_EX16MVp/EX16MVp.egsphsp1"
@    legend on
@    legend box linestyle 0
@    legend x1 0.6
@    legend y1 0.75
@    view xmin 0.250000
@    xaxis  label "weight"
@    timestamp on
@    yaxis  label "particles/bin(equal width)/incident particle"
@    s0 on
@    legend string  0 "IQ =2  NO LATCH CHECK"
@    s0 errorbar length 0.000000
@    s0 symbol color 1
@TYPE xydy
     1.0000E-01     1.2000E-19     0.0000E+00
     1.0000E-01     1.2000E-14     0.0000E+00
     1.0075E-01     1.2000E-14     0.0000E+00
     1.0151E-01     1.2000E-14     0.0000E+00
     1.0151E-01     1.2000E-14     0.0000E+00
     1.0228E-01     1.2000E-14     0.0000E+00
     1.0304E-01     1.2000E-14     0.0000E+00
     1.0304E-01     1.2000E-14     0.0000E+00
     1.0382E-01     1.2000E-14     0.0000E+00
     1.0460E-01     1.2000E-14     0.0000E+00
     1.0460E-01     1.2000E-14     0.0000E+00
     1.0539E-01     1.2000E-14     0.0000E+00
     1.0617E-01     1.2000E-14     0.0000E+00
     1.0617E-01     1.2000E-14     0.0000E+00
     1.0698E-01     1.2000E-14     0.0000E+00
     1.0778E-01     1.2000E-14     0.0000E+00
     1.0778E-01     1.2000E-14     0.0000E+00
     1.0859E-01     1.2000E-14     0.0000E+00
     1.0940E-01     1.2000E-14     0.0000E+00
     1.0940E-01     1.2000E-14     0.0000E+00
     1.1023E-01     1.2000E-14     0.0000E+00
     1.1105E-01     1.2000E-14     0.0000E+00
     1.1105E-01     1.2000E-14     0.0000E+00
     1.1189E-01     1.2000E-14     0.0000E+00
     1.1273E-01     1.2000E-14     0.0000E+00
     1.1273E-01     1.2000E-14     0.0000E+00
     1.1358E-01     1.2000E-14     0.0000E+00
     1.1443E-01     1.2000E-14     0.0000E+00
     1.1443E-01     1.2000E-14     0.0000E+00
     1.1530E-01     1.2000E-14     0.0000E+00
     1.1616E-01     1.2000E-14     0.0000E+00
     1.1616E-01     1.2000E-14     0.0000E+00
     1.1704E-01     1.2000E-14     0.0000E+00
     1.1791E-01     1.2000E-14     0.0000E+00
     1.1791E-01     1.2000E-14     0.0000E+00
     1.1880E-01     1.2000E-14     0.0000E+00
     1.1969E-01     1.2000E-14     0.0000E+00
     1.1969E-01     1.2000E-14     0.0000E+00
     1.2059E-01     1.2000E-14     0.0000E+00
     1.2150E-01     1.2000E-14     0.0000E+00
     1.2150E-01     1.2000E-14     0.0000E+00
     1.2241E-01     1.2000E-14     0.0000E+00
     1.2333E-01     1.2000E-14     0.0000E+00
     1.2333E-01     1.2000E-14     0.0000E+00
     1.2426E-01     1.2000E-14     0.0000E+00
     1.2519E-01     1.2000E-14     0.0000E+00
     1.2519E-01     1.2000E-14     0.0000E+00
     1.2614E-01     1.2000E-14     0.0000E+00
     1.2708E-01     1.2000E-14     0.0000E+00
     1.2708E-01     1.2000E-14     0.0000E+00
     1.2804E-01     1.2000E-14     0.0000E+00
     1.2900E-01     1.2000E-14     0.0000E+00
     1.2900E-01     1.2000E-14     0.0000E+00
     1.2997E-01     1.2000E-14     0.0000E+00
     1.3095E-01     1.2000E-14     0.0000E+00
     1.3095E-01     1.2000E-14     0.0000E+00
     1.3193E-01     1.2000E-14     0.0000E+00
     1.3292E-01     1.2000E-14     0.0000E+00
     1.3292E-01     1.2000E-14     0.0000E+00
     1.3393E-01     1.2000E-14     0.0000E+00
     1.3493E-01     1.2000E-14     0.0000E+00
     1.3493E-01     1.2000E-14     0.0000E+00
     1.3595E-01     1.2000E-14     0.0000E+00
     1.3696E-01     1.2000E-14     0.0000E+00
     1.3696E-01     1.2000E-14     0.0000E+00
     1.3800E-01     1.2000E-14     0.0000E+00
     1.3903E-01     1.2000E-14     0.0000E+00
     1.3903E-01     1.2000E-14     0.0000E+00
     1.4008E-01     1.2000E-14     0.0000E+00
     1.4113E-01     1.2000E-14     0.0000E+00
     1.4113E-01     1.2000E-14     0.0000E+00
     1.4219E-01     1.2000E-14     0.0000E+00
     1.4326E-01     1.2000E-14     0.0000E+00
     1.4326E-01     1.2000E-14     0.0000E+00
     1.4434E-01     1.2000E-14     0.0000E+00
     1.4542E-01     1.2000E-14     0.0000E+00
     1.4542E-01     1.2000E-14     0.0000E+00
     1.4652E-01     1.2000E-14     0.0000E+00
     1.4762E-01     1.2000E-14     0.0000E+00
     1.4762E-01     1.2000E-14     0.0000E+00
     1.4873E-01     1.2000E-14     0.0000E+00
     1.4984E-01     1.2000E-14     0.0000E+00
     1.4984E-01     1.2000E-14     0.0000E+00
     1.5097E-01     1.2000E-14     0.0000E+00
     1.5211E-01     1.2000E-14     0.0000E+00
     1.5211E-01     1.2000E-14     0.0000E+00
     1.5325E-01     1.2000E-14     0.0000E+00
     1.5440E-01     1.2000E-14     0.0000E+00
     1.5440E-01     1.2000E-14     0.0000E+00
     1.5557E-01     1.2000E-14     0.0000E+00
     1.5673E-01     1.2000E-14     0.0000E+00
     1.5673E-01     1.2000E-14     0.0000E+00
     1.5791E-01     1.2000E-14     0.0000E+00
     1.5910E-01     1.2000E-14     0.0000E+00
     1.5910E-01     1.2000E-14     0.0000E+00
     1.6030E-01     1.2000E-14     0.0000E+00
     1.6150E-01     1.2000E-14     0.0000E+00
     1.6150E-01     1.2000E-14     0.0000E+00
     1.6272E-01     1.2000E-14     0.0000E+00
     1.6393E-01     1.2000E-14     0.0000E+00
     1.6393E-01     1.2000E-14     0.0000E+00
     1.6517E-01     1.2000E-14     0.0000E+00
     1.6641E-01     1.2000E-14     0.0000E+00
     1.6641E-01     1.2000E-14     0.0000E+00
     1.6766E-01     1.2000E-14     0.0000E+00
     1.6892E-01     1.2000E-14     0.0000E+00
     1.6892E-01     1.2000E-14     0.0000E+00
     1.7019E-01     1.2000E-14     0.0000E+00
     1.7147E-01     1.2000E-14     0.0000E+00
     1.7147E-01     1.2000E-14     0.0000E+00
     1.7276E-01     1.2000E-14     0.0000E+00
     1.7406E-01     1.2000E-14     0.0000E+00
     1.7406E-01     1.2000E-14     0.0000E+00
     1.7537E-01     1.2000E-14     0.0000E+00
     1.7668E-01     1.2000E-14     0.0000E+00
     1.7668E-01     1.2000E-14     0.0000E+00
     1.7802E-01     1.2000E-14     0.0000E+00
     1.7935E-01     1.2000E-14     0.0000E+00
     1.7935E-01     1.2000E-14     0.0000E+00
     1.8070E-01     1.2000E-14     0.0000E+00
     1.8206E-01     1.2000E-14     0.0000E+00
     1.8206E-01     1.2000E-14     0.0000E+00
     1.8343E-01     1.2000E-14     0.0000E+00
     1.8480E-01     1.2000E-14     0.0000E+00
     1.8480E-01     1.2000E-14     0.0000E+00
     1.8620E-01     1.2000E-14     0.0000E+00
     1.8759E-01     1.2000E-14     0.0000E+00
     1.8759E-01     1.2000E-14     0.0000E+00
     1.8901E-01     1.2000E-14     0.0000E+00
     1.9042E-01     1.2000E-14     0.0000E+00
     1.9042E-01     1.2000E-14     0.0000E+00
     1.9186E-01     1.2000E-14     0.0000E+00
     1.9330E-01     1.2000E-14     0.0000E+00
     1.9330E-01     1.2000E-14     0.0000E+00
     1.9476E-01     1.2000E-14     0.0000E+00
     1.9621E-01     1.2000E-14     0.0000E+00
     1.9621E-01     1.2000E-14     0.0000E+00
     1.9770E-01     1.2000E-14     0.0000E+00
     1.9918E-01     1.2000E-14     0.0000E+00
     1.9918E-01     1.2000E-14     0.0000E+00
     2.0068E-01     1.2000E-14     0.0000E+00
     2.0218E-01     1.2000E-14     0.0000E+00
     2.0218E-01     1.2000E-14     0.0000E+00
     2.0371E-01     1.2000E-14     0.0000E+00
     2.0523E-01     1.2000E-14     0.0000E+00
     2.0523E-01     1.2000E-14     0.0000E+00
     2.0678E-01     1.2000E-14     0.0000E+00
     2.0833E-01     1.2000E-14     0.0000E+00
     2.0833E-01     1.2000E-14     0.0000E+00
     2.0990E-01     1.2000E-14     0.0000E+00
     2.1147E-01     1.2000E-14     0.0000E+00
     2.1147E-01     1.2000E-14     0.0000E+00
     2.1307E-01     1.2000E-14     0.0000E+00
     2.1467E-01     1.2000E-14     0.0000E+00
     2.1467E-01     1.2000E-14     0.0000E+00
     2.1629E-01     1.2000E-14     0.0000E+00
     2.1791E-01     1.2000E-14     0.0000E+00
     2.1791E-01     1.2000E-14     0.0000E+00
     2.1955E-01     1.2000E-14     0.0000E+00
     2.2119E-01     1.2000E-14     0.0000E+00
     2.2119E-01     1.2000E-14     0.0000E+00
     2.2286E-01     1.2000E-14     0.0000E+00
     2.2453E-01     1.2000E-14     0.0000E+00
     2.2453E-01     1.2000E-14     0.0000E+00
     2.2623E-01     1.2000E-14     0.0000E+00
     2.2792E-01     1.2000E-14     0.0000E+00
     2.2792E-01     1.2000E-14     0.0000E+00
     2.2964E-01     1.2000E-14     0.0000E+00
     2.3136E-01     1.2000E-14     0.0000E+00
     2.3136E-01     1.2000E-14     0.0000E+00
     2.3311E-01     1.2000E-14     0.0000E+00
     2.3485E-01     1.2000E-14     0.0000E+00
     2.3485E-01     1.2000E-14     0.0000E+00
     2.3662E-01     1.2000E-14     0.0000E+00
     2.3840E-01     1.2000E-14     0.0000E+00
     2.3840E-01     1.2000E-14     0.0000E+00
     2.4019E-01     1.2000E-14     0.0000E+00
     2.4199E-01     1.2000E-14     0.0000E+00
     2.4199E-01     1.2000E-14     0.0000E+00
     2.4382E-01     1.2000E-14     0.0000E+00
     2.4565E-01     1.2000E-14     0.0000E+00
     2.4565E-01     1.2000E-14     0.0000E+00
     2.4750E-01     1.2000E-14     0.0000E+00
     2.4935E-01     1.2000E-14     0.0000E+00
     2.4935E-01     1.2000E-14     0.0000E+00
     2.5123E-01     1.2000E-14     0.0000E+00
     2.5312E-01     1.2000E-14     0.0000E+00
     2.5312E-01     1.2000E-14     0.0000E+00
     2.5503E-01     1.2000E-14     0.0000E+00
     2.5694E-01     1.2000E-14     0.0000E+00
     2.5694E-01     1.2000E-14     0.0000E+00
     2.5887E-01     1.2000E-14     0.0000E+00
     2.6081E-01     1.2000E-14     0.0000E+00
     2.6081E-01     1.2000E-14     0.0000E+00
     2.6278E-01     1.2000E-14     0.0000E+00
     2.6475E-01     1.2000E-14     0.0000E+00
     2.6475E-01     1.2000E-14     0.0000E+00
     2.6675E-01     1.2000E-14     0.0000E+00
     2.6874E-01     1.2000E-14     0.0000E+00
     2.6874E-01     1.2000E-14     0.0000E+00
     2.7077E-01     1.2000E-14     0.0000E+00
     2.7280E-01     1.2000E-14     0.0000E+00
     2.7280E-01     1.2000E-14     0.0000E+00
     2.7486E-01     1.2000E-14     0.0000E+00
     2.7692E-01     1.2000E-14     0.0000E+00
     2.7692E-01     1.2000E-14     0.0000E+00
     2.7901E-01     1.2000E-14     0.0000E+00
     2.8110E-01     1.2000E-14     0.0000E+00
     2.8110E-01     1.2000E-14     0.0000E+00
     2.8322E-01     1.2000E-14     0.0000E+00
     2.8534E-01     1.2000E-14     0.0000E+00
     2.8534E-01     1.2000E-14     0.0000E+00
     2.8749E-01     1.2000E-14     0.0000E+00
     2.8964E-01     1.2000E-14     0.0000E+00
     2.8964E-01     1.2000E-14     0.0000E+00
     2.9183E-01     1.2000E-14     0.0000E+00
     2.9402E-01     1.2000E-14     0.0000E+00
     2.9402E-01     1.2000E-14     0.0000E+00
     2.9623E-01     1.2000E-14     0.0000E+00
     2.9845E-01     1.2000E-14     0.0000E+00
     2.9845E-01     1.2000E-14     0.0000E+00
     3.0071E-01     1.2000E-14     0.0000E+00
     3.0296E-01     1.2000E-14     0.0000E+00
     3.0296E-01     1.2000E-14     0.0000E+00
     3.0524E-01     1.2000E-14     0.0000E+00
     3.0753E-01     1.2000E-14     0.0000E+00
     3.0753E-01     1.2000E-14     0.0000E+00
     3.0985E-01     1.2000E-14     0.0000E+00
     3.1217E-01     1.2000E-14     0.0000E+00
     3.1217E-01     1.2000E-14     0.0000E+00
     3.1453E-01     1.2000E-14     0.0000E+00
     3.1688E-01     1.2000E-14     0.0000E+00
     3.1688E-01     1.2000E-14     0.0000E+00
     3.1927E-01     1.2000E-14     0.0000E+00
     3.2166E-01     1.2000E-14     0.0000E+00
     3.2166E-01     1.2000E-14     0.0000E+00
     3.2409E-01     1.2000E-14     0.0000E+00
     3.2652E-01     1.2000E-14     0.0000E+00
     3.2652E-01     1.2000E-14     0.0000E+00
     3.2898E-01     1.2000E-14     0.0000E+00
     3.3145E-01     1.2000E-14     0.0000E+00
     3.3145E-01     1.2000E-14     0.0000E+00
     3.3395E-01     1.2000E-14     0.0000E+00
     3.3645E-01     1.2000E-14     0.0000E+00
     3.3645E-01     1.2000E-14     0.0000E+00
     3.3899E-01     1.2000E-14     0.0000E+00
     3.4152E-01     1.2000E-14     0.0000E+00
     3.4152E-01     1.2000E-14     0.0000E+00
     3.4410E-01     1.2000E-14     0.0000E+00
     3.4668E-01     1.2000E-14     0.0000E+00
     3.4668E-01     1.2000E-14     0.0000E+00
     3.4929E-01     1.2000E-14     0.0000E+00
     3.5191E-01     1.2000E-14     0.0000E+00
     3.5191E-01     1.2000E-14     0.0000E+00
     3.5457E-01     1.2000E-14     0.0000E+00
     3.5722E-01     1.2000E-14     0.0000E+00
     3.5722E-01     1.2000E-14     0.0000E+00
     3.5992E-01     1.2000E-14     0.0000E+00
     3.6261E-01     1.2000E-14     0.0000E+00
     3.6261E-01     1.2000E-14     0.0000E+00
     3.6535E-01     1.2000E-14     0.0000E+00
     3.6808E-01     1.2000E-14     0.0000E+00
     3.6808E-01     1.2000E-14     0.0000E+00
     3.7086E-01     1.2000E-14     0.0000E+00
     3.7364E-01     1.2000E-14     0.0000E+00
     3.7364E-01     1.2000E-14     0.0000E+00
     3.7646E-01     1.2000E-14     0.0000E+00
     3.7928E-01     1.2000E-14     0.0000E+00
     3.7928E-01     1.2000E-14     0.0000E+00
     3.8214E-01     1.2000E-14     0.0000E+00
     3.8500E-01     1.2000E-14     0.0000E+00
     3.8500E-01     1.2000E-14     0.0000E+00
     3.8791E-01     1.2000E-14     0.0000E+00
     3.9081E-01     1.2000E-14     0.0000E+00
     3.9081E-01     1.2000E-14     0.0000E+00
     3.9376E-01     1.2000E-14     0.0000E+00
     3.9671E-01     1.2000E-14     0.0000E+00
     3.9671E-01     1.2000E-14     0.0000E+00
     3.9970E-01     1.2000E-14     0.0000E+00
     4.0270E-01     1.2000E-14     0.0000E+00
     4.0270E-01     1.2000E-14     0.0000E+00
     4.0574E-01     1.2000E-14     0.0000E+00
     4.0877E-01     1.2000E-14     0.0000E+00
     4.0877E-01     1.2000E-14     0.0000E+00
     4.1186E-01     1.2000E-14     0.0000E+00
     4.1494E-01     1.2000E-14     0.0000E+00
     4.1494E-01     1.2000E-14     0.0000E+00
     4.1807E-01     1.2000E-14     0.0000E+00
     4.2121E-01     1.2000E-14     0.0000E+00
     4.2121E-01     1.2000E-14     0.0000E+00
     4.2438E-01     1.2000E-14     0.0000E+00
     4.2756E-01     1.2000E-14     0.0000E+00
     4.2756E-01     1.2000E-14     0.0000E+00
     4.3079E-01     1.2000E-14     0.0000E+00
     4.3401E-01     1.2000E-14     0.0000E+00
     4.3401E-01     1.2000E-14     0.0000E+00
     4.3729E-01     1.2000E-14     0.0000E+00
     4.4056E-01     1.2000E-14     0.0000E+00
     4.4056E-01     1.2000E-14     0.0000E+00
     4.4389E-01     1.2000E-14     0.0000E+00
     4.4721E-01     1.2000E-14     0.0000E+00
     4.4721E-01     1.2000E-14     0.0000E+00
     4.5059E-01     1.2000E-14     0.0000E+00
     4.5396E-01     1.2000E-14     0.0000E+00
     4.5396E-01     1.2000E-14     0.0000E+00
     4.5739E-01     1.2000E-14     0.0000E+00
     4.6081E-01     1.2000E-14     0.0000E+00
     4.6081E-01     1.2000E-14     0.0000E+00
     4.6429E-01     1.2000E-14     0.0000E+00
     4.6777E-01     1.2000E-14     0.0000E+00
     4.6777E-01     1.2000E-14     0.0000E+00
     4.7130E-01     1.2000E-14     0.0000E+00
     4.7483E-01     1.2000E-14     0.0000E+00
     4.7483E-01     1.2000E-14     0.0000E+00
     4.7841E-01     1.2000E-14     0.0000E+00
     4.8199E-01     1.2000E-14     0.0000E+00
     4.8199E-01     1.2000E-14     0.0000E+00
     4.8563E-01     1.2000E-14     0.0000E+00
     4.8927E-01     1.2000E-14     0.0000E+00
     4.8927E-01     1.2000E-14     0.0000E+00
     4.9296E-01     1.2000E-14     0.0000E+00
     4.9665E-01     1.2000E-14     0.0000E+00
     4.9665E-01     1.2000E-14     0.0000E+00
     5.0040E-01     1.2000E-14     0.0000E+00
     5.0415E-01     1.2000E-14     0.0000E+00
     5.0415E-01     1.2000E-14     0.0000E+00
     5.0795E-01     1.2000E-14     0.0000E+00
     5.1175E-01     1.2000E-14     0.0000E+00
     5.1175E-01     1.2000E-14     0.0000E+00
     5.1562E-01     1.2000E-14     0.0000E+00
     5.1948E-01     1.2000E-14     0.0000E+00
     5.1948E-01     1.2000E-14     0.0000E+00
     5.2340E-01     1.2000E-14     0.0000E+00
     5.2732E-01     1.2000E-14     0.0000E+00
     5.2732E-01     1.2000E-14     0.0000E+00
     5.3130E-01     1.2000E-14     0.0000E+00
     5.3527E-01     1.2000E-14     0.0000E+00
     5.3527E-01     1.2000E-14     0.0000E+00
     5.3931E-01     1.2000E-14     0.0000E+00
     5.4335E-01     1.2000E-14     0.0000E+00
     5.4335E-01     1.2000E-14     0.0000E+00
     5.4745E-01     1.2000E-14     0.0000E+00
     5.5155E-01     1.2000E-14     0.0000E+00
     5.5155E-01     1.2000E-14     0.0000E+00
     5.5571E-01     1.2000E-14     0.0000E+00
     5.5988E-01     1.2000E-14     0.0000E+00
     5.5988E-01     1.2000E-14     0.0000E+00
     5.6410E-01     1.2000E-14     0.0000E+00
     5.6833E-01     1.2000E-14     0.0000E+00
     5.6833E-01     1.2000E-14     0.0000E+00
     5.7261E-01     1.2000E-14     0.0000E+00
     5.7690E-01     1.2000E-14     0.0000E+00
     5.7690E-01     1.2000E-14     0.0000E+00
     5.8126E-01     1.2000E-14     0.0000E+00
     5.8561E-01     1.2000E-14     0.0000E+00
     5.8561E-01     1.2000E-14     0.0000E+00
     5.9003E-01     1.2000E-14     0.0000E+00
     5.9445E-01     1.2000E-14     0.0000E+00
     5.9445E-01     1.2000E-14     0.0000E+00
     5.9893E-01     1.2000E-14     0.0000E+00
     6.0342E-01     1.2000E-14     0.0000E+00
     6.0342E-01     1.2000E-14     0.0000E+00
     6.0797E-01     1.2000E-14     0.0000E+00
     6.1252E-01     1.2000E-14     0.0000E+00
     6.1252E-01     1.2000E-14     0.0000E+00
     6.1715E-01     1.2000E-14     0.0000E+00
     6.2177E-01     1.2000E-14     0.0000E+00
     6.2177E-01     1.2000E-14     0.0000E+00
     6.2646E-01     1.2000E-14     0.0000E+00
     6.3115E-01     1.2000E-14     0.0000E+00
     6.3115E-01     1.2000E-14     0.0000E+00
     6.3591E-01     1.2000E-14     0.0000E+00
     6.4068E-01     1.2000E-14     0.0000E+00
     6.4068E-01     1.2000E-14     0.0000E+00
     6.4551E-01     1.2000E-14     0.0000E+00
     6.5034E-01     1.2000E-14     0.0000E+00
     6.5034E-01     1.2000E-14     0.0000E+00
     6.5525E-01     1.2000E-14     0.0000E+00
     6.6016E-01     1.2000E-14     0.0000E+00
     6.6016E-01     1.2000E-14     0.0000E+00
     6.6514E-01     1.2000E-14     0.0000E+00
     6.7012E-01     1.2000E-14     0.0000E+00
     6.7012E-01     1.2000E-14     0.0000E+00
     6.7518E-01     1.2000E-14     0.0000E+00
     6.8024E-01     1.2000E-14     0.0000E+00
     6.8024E-01     1.2000E-14     0.0000E+00
     6.8537E-01     1.2000E-14     0.0000E+00
     6.9050E-01     1.2000E-14     0.0000E+00
     6.9050E-01     1.2000E-14     0.0000E+00
     6.9571E-01     1.2000E-14     0.0000E+00
     7.0092E-01     1.2000E-14     0.0000E+00
     7.0092E-01     1.2000E-14     0.0000E+00
     7.0621E-01     1.2000E-14     0.0000E+00
     7.1150E-01     1.2000E-14     0.0000E+00
     7.1150E-01     1.2000E-14     0.0000E+00
     7.1687E-01     1.2000E-14     0.0000E+00
     7.2224E-01     1.2000E-14     0.0000E+00
     7.2224E-01     1.2000E-14     0.0000E+00
     7.2769E-01     1.2000E-14     0.0000E+00
     7.3314E-01     1.2000E-14     0.0000E+00
     7.3314E-01     1.2000E-14     0.0000E+00
     7.3867E-01     1.2000E-14     0.0000E+00
     7.4420E-01     1.2000E-14     0.0000E+00
     7.4420E-01     1.2000E-14     0.0000E+00
     7.4982E-01     1.2000E-14     0.0000E+00
     7.5543E-01     1.2000E-14     0.0000E+00
     7.5543E-01     1.2000E-14     0.0000E+00
     7.6113E-01     1.2000E-14     0.0000E+00
     7.6683E-01     1.2000E-14     0.0000E+00
     7.6683E-01     1.2000E-14     0.0000E+00
     7.7262E-01     1.2000E-14     0.0000E+00
     7.7840E-01     1.2000E-14     0.0000E+00
     7.7840E-01     1.2000E-14     0.0000E+00
     7.8428E-01     1.2000E-14     0.0000E+00
     7.9015E-01     1.2000E-14     0.0000E+00
     7.9015E-01     1.2000E-14     0.0000E+00
     7.9611E-01     1.2000E-14     0.0000E+00
     8.0208E-01     1.2000E-14     0.0000E+00
     8.0208E-01     1.2000E-14     0.0000E+00
     8.0813E-01     1.2000E-14     0.0000E+00
     8.1418E-01     1.2000E-14     0.0000E+00
     8.1418E-01     1.2000E-14     0.0000E+00
     8.2032E-01     1.2000E-14     0.0000E+00
     8.2647E-01     1.2000E-14     0.0000E+00
     8.2647E-01     1.2000E-14     0.0000E+00
     8.3270E-01     1.2000E-14     0.0000E+00
     8.3894E-01     1.2000E-14     0.0000E+00
     8.3894E-01     1.2000E-14     0.0000E+00
     8.4527E-01     1.2000E-14     0.0000E+00
     8.5160E-01     1.2000E-14     0.0000E+00
     8.5160E-01     1.2000E-14     0.0000E+00
     8.5803E-01     1.2000E-14     0.0000E+00
     8.6445E-01     1.2000E-14     0.0000E+00
     8.6445E-01     1.2000E-14     0.0000E+00
     8.7098E-01     1.2000E-14     0.0000E+00
     8.7750E-01     1.2000E-14     0.0000E+00
     8.7750E-01     1.2000E-14     0.0000E+00
     8.8412E-01     1.2000E-14     0.0000E+00
     8.9074E-01     1.2000E-14     0.0000E+00
     8.9074E-01     1.2000E-14     0.0000E+00
     8.9746E-01     1.2000E-14     0.0000E+00
     9.0418E-01     1.2000E-14     0.0000E+00
     9.0418E-01     1.2000E-14     0.0000E+00
     9.1101E-01     1.2000E-14     0.0000E+00
     9.1783E-01     1.2000E-14     0.0000E+00
     9.1783E-01     1.2000E-14     0.0000E+00
     9.2476E-01     1.2000E-14     0.0000E+00
     9.3168E-01     1.2000E-14     0.0000E+00
     9.3168E-01     1.2000E-14     0.0000E+00
     9.3871E-01     1.2000E-14     0.0000E+00
     9.4574E-01     1.2000E-14     0.0000E+00
     9.4574E-01     1.2000E-14     0.0000E+00
     9.5288E-01     1.2000E-14     0.0000E+00
     9.6001E-01     1.2000E-14     0.0000E+00
     9.6001E-01     1.2000E-14     0.0000E+00
     9.6726E-01     1.2000E-14     0.0000E+00
     9.7450E-01     1.2000E-14     0.0000E+00
     9.7450E-01     1.2000E-14     0.0000E+00
     9.8186E-01     1.2000E-14     0.0000E+00
     9.8921E-01     1.2000E-14     0.0000E+00
     9.8921E-01     1.2000E-04     0.0000E+00
     9.9667E-01     1.2000E-04     4.8987E-05
     1.0041E+00     1.2000E-04     0.0000E+00
     1.0041E+00     1.2000E-14     0.0000E+00
     1.0117E+00     1.2000E-14     0.0000E+00
     1.0193E+00     1.2000E-14     0.0000E+00
     1.0193E+00     1.2000E-14     0.0000E+00
     1.0270E+00     1.2000E-14     0.0000E+00
     1.0347E+00     1.2000E-14     0.0000E+00
     1.0347E+00     1.2000E-14     0.0000E+00
     1.0425E+00     1.2000E-14     0.0000E+00
     1.0503E+00     1.2000E-14     0.0000E+00
     1.0503E+00     1.2000E-14     0.0000E+00
     1.0582E+00     1.2000E-14     0.0000E+00
     1.0661E+00     1.2000E-14     0.0000E+00
     1.0661E+00     1.2000E-14     0.0000E+00
     1.0742E+00     1.2000E-14     0.0000E+00
     1.0822E+00     1.2000E-14     0.0000E+00
     1.0822E+00     1.2000E-14     0.0000E+00
     1.0904E+00     1.2000E-14     0.0000E+00
     1.0986E+00     1.2000E-14     0.0000E+00
     1.0986E+00     1.2000E-14     0.0000E+00
     1.1068E+00     1.2000E-14     0.0000E+00
     1.1151E+00     1.2000E-14     0.0000E+00
     1.1151E+00     1.2000E-14     0.0000E+00
     1.1236E+00     1.2000E-14     0.0000E+00
     1.1320E+00     1.2000E-14     0.0000E+00
     1.1320E+00     1.2000E-14     0.0000E+00
     1.1405E+00     1.2000E-14     0.0000E+00
     1.1491E+00     1.2000E-14     0.0000E+00
     1.1491E+00     1.2000E-14     0.0000E+00
     1.1577E+00     1.2000E-14     0.0000E+00
     1.1664E+00     1.2000E-14     0.0000E+00
     1.1664E+00     1.2000E-14     0.0000E+00
     1.1752E+00     1.2000E-14     0.0000E+00
     1.1840E+00     1.2000E-14     0.0000E+00
     1.1840E+00     1.2000E-14     0.0000E+00
     1.1929E+00     1.2000E-14     0.0000E+00
     1.2019E+00     1.2000E-14     0.0000E+00
     1.2019E+00     1.2000E-14     0.0000E+00
     1.2109E+00     1.2000E-14     0.0000E+00
     1.2200E+00     1.2000E-14     0.0000E+00
     1.2200E+00     1.2000E-14     0.0000E+00
     1.2292E+00     1.2000E-14     0.0000E+00
     1.2384E+00     1.2000E-14     0.0000E+00
     1.2384E+00     1.2000E-14     0.0000E+00
     1.2478E+00     1.2000E-14     0.0000E+00
     1.2571E+00     1.2000E-14     0.0000E+00
     1.2571E+00     1.2000E-14     0.0000E+00
     1.2666E+00     1.2000E-14     0.0000E+00
     1.2761E+00     1.2000E-14     0.0000E+00
     1.2761E+00     1.2000E-14     0.0000E+00
     1.2857E+00     1.2000E-14     0.0000E+00
     1.2953E+00     1.2000E-14     0.0000E+00
     1.2953E+00     1.2000E-14     0.0000E+00
     1.3051E+00     1.2000E-14     0.0000E+00
     1.3149E+00     1.2000E-14     0.0000E+00
     1.3149E+00     1.2000E-14     0.0000E+00
     1.3248E+00     1.2000E-14     0.0000E+00
     1.3347E+00     1.2000E-14     0.0000E+00
     1.3347E+00     1.2000E-14     0.0000E+00
     1.3448E+00     1.2000E-14     0.0000E+00
     1.3549E+00     1.2000E-14     0.0000E+00
     1.3549E+00     1.2000E-14     0.0000E+00
     1.3651E+00     1.2000E-14     0.0000E+00
     1.3753E+00     1.2000E-14     0.0000E+00
     1.3753E+00     1.2000E-14     0.0000E+00
     1.3857E+00     1.2000E-14     0.0000E+00
     1.3961E+00     1.2000E-14     0.0000E+00
     1.3961E+00     1.2000E-14     0.0000E+00
     1.4066E+00     1.2000E-14     0.0000E+00
     1.4171E+00     1.2000E-14     0.0000E+00
     1.4171E+00     1.2000E-14     0.0000E+00
     1.4278E+00     1.2000E-14     0.0000E+00
     1.4385E+00     1.2000E-14     0.0000E+00
     1.4385E+00     1.2000E-14     0.0000E+00
     1.4494E+00     1.2000E-14     0.0000E+00
     1.4602E+00     1.2000E-14     0.0000E+00
     1.4602E+00     1.2000E-14     0.0000E+00
     1.4713E+00     1.2000E-14     0.0000E+00
     1.4823E+00     1.2000E-14     0.0000E+00
     1.4823E+00     1.2000E-14     0.0000E+00
     1.4935E+00     1.2000E-14     0.0000E+00
     1.5046E+00     1.2000E-14     0.0000E+00
     1.5046E+00     1.2000E-14     0.0000E+00
     1.5160E+00     1.2000E-14     0.0000E+00
     1.5273E+00     1.2000E-14     0.0000E+00
     1.5273E+00     1.2000E-14     0.0000E+00
     1.5389E+00     1.2000E-14     0.0000E+00
     1.5504E+00     1.2000E-14     0.0000E+00
     1.5504E+00     1.2000E-14     0.0000E+00
     1.5621E+00     1.2000E-14     0.0000E+00
     1.5738E+00     1.2000E-14     0.0000E+00
     1.5738E+00     1.2000E-14     0.0000E+00
     1.5857E+00     1.2000E-14     0.0000E+00
     1.5975E+00     1.2000E-14     0.0000E+00
     1.5975E+00     1.2000E-14     0.0000E+00
     1.6096E+00     1.2000E-14     0.0000E+00
     1.6217E+00     1.2000E-14     0.0000E+00
     1.6217E+00     1.2000E-14     0.0000E+00
     1.6339E+00     1.2000E-14     0.0000E+00
     1.6461E+00     1.2000E-14     0.0000E+00
     1.6461E+00     1.2000E-14     0.0000E+00
     1.6585E+00     1.2000E-14     0.0000E+00
     1.6710E+00     1.2000E-14     0.0000E+00
     1.6710E+00     1.2000E-14     0.0000E+00
     1.6836E+00     1.2000E-14     0.0000E+00
     1.6962E+00     1.2000E-14     0.0000E+00
     1.6962E+00     1.2000E-14     0.0000E+00
     1.7090E+00     1.2000E-14     0.0000E+00
     1.7218E+00     1.2000E-14     0.0000E+00
     1.7218E+00     1.2000E-14     0.0000E+00
     1.7348E+00     1.2000E-14     0.0000E+00
     1.7478E+00     1.2000E-14     0.0000E+00
     1.7478E+00     1.2000E-14     0.0000E+00
     1.7610E+00     1.2000E-14     0.0000E+00
     1.7741E+00     1.2000E-14     0.0000E+00
     1.7741E+00     1.2000E-14     0.0000E+00
     1.7875E+00     1.2000E-14     0.0000E+00
     1.8009E+00     1.2000E-14     0.0000E+00
     1.8009E+00     1.2000E-14     0.0000E+00
     1.8145E+00     1.2000E-14     0.0000E+00
     1.8281E+00     1.2000E-14     0.0000E+00
     1.8281E+00     1.2000E-14     0.0000E+00
     1.8419E+00     1.2000E-14     0.0000E+00
     1.8557E+00     1.2000E-14     0.0000E+00
     1.8557E+00     1.2000E-14     0.0000E+00
     1.8697E+00     1.2000E-14     0.0000E+00
     1.8837E+00     1.2000E-14     0.0000E+00
     1.8837E+00     1.2000E-14     0.0000E+00
     1.8979E+00     1.2000E-14     0.0000E+00
     1.9121E+00     1.2000E-14     0.0000E+00
     1.9121E+00     1.2000E-14     0.0000E+00
     1.9265E+00     1.2000E-14     0.0000E+00
     1.9410E+00     1.2000E-14     0.0000E+00
     1.9410E+00     1.2000E-14     0.0000E+00
     1.9556E+00     1.2000E-14     0.0000E+00
     1.9703E+00     1.2000E-14     0.0000E+00
     1.9703E+00     1.2000E-14     0.0000E+00
     1.9851E+00     1.2000E-14     0.0000E+00
     2.0000E+00     1.2000E-14     0.0000E+00
     2.0000E+00     1.2000E-19     0.0000E+00
&
