@g0 type xy 
@    title "angular distribution"
@    subtitle "/home/miia/EGSnrc/egs_home/BEAM_EX10MeVe/EX10MeVe1.egsphsp1"
@    legend on
@    legend box linestyle 0
@    legend x1 0.6
@    legend y1 0.75
@    view xmin 0.250000
@    xaxis  label "angle /degree"
@    timestamp on
@    yaxis  label "particles/angular bin/incident particle"
@    s0 on
@    legend string  0 "IQ =-1 EXCL BIT #: 16 17 18 19 20"
@    s0 errorbar length 0.000000
@    s0 symbol color 1
@TYPE xydy
     1.0000E-01     2.0000E-19     0.0000E+00
     1.0000E-01     2.0000E-14     0.0000E+00
     3.2475E-01     2.0000E-14     0.0000E+00
     5.4950E-01     2.0000E-14     0.0000E+00
     5.4950E-01     2.0000E-04     0.0000E+00
     7.7425E-01     2.0000E-04     1.9998E-04
     9.9900E-01     2.0000E-04     0.0000E+00
     9.9900E-01     4.0000E-04     0.0000E+00
     1.2238E+00     4.0000E-04     2.8281E-04
     1.4485E+00     4.0000E-04     0.0000E+00
     1.4485E+00     4.0000E-04     0.0000E+00
     1.6733E+00     4.0000E-04     2.8281E-04
     1.8980E+00     4.0000E-04     0.0000E+00
     1.8980E+00     2.0000E-04     0.0000E+00
     2.1227E+00     2.0000E-04     1.9998E-04
     2.3475E+00     2.0000E-04     0.0000E+00
     2.3475E+00     6.0000E-04     0.0000E+00
     2.5723E+00     6.0000E-04     3.4634E-04
     2.7970E+00     6.0000E-04     0.0000E+00
     2.7970E+00     4.0000E-04     0.0000E+00
     3.0218E+00     4.0000E-04     2.8281E-04
     3.2465E+00     4.0000E-04     0.0000E+00
     3.2465E+00     1.2000E-03     0.0000E+00
     3.4713E+00     1.2000E-03     4.8965E-04
     3.6960E+00     1.2000E-03     0.0000E+00
     3.6960E+00     1.2000E-03     0.0000E+00
     3.9207E+00     1.2000E-03     4.8965E-04
     4.1455E+00     1.2000E-03     0.0000E+00
     4.1455E+00     2.0000E-14     0.0000E+00
     4.3703E+00     2.0000E-14     0.0000E+00
     4.5950E+00     2.0000E-14     0.0000E+00
     4.5950E+00     4.0000E-04     0.0000E+00
     4.8197E+00     4.0000E-04     2.8281E-04
     5.0445E+00     4.0000E-04     0.0000E+00
     5.0445E+00     2.0000E-04     0.0000E+00
     5.2693E+00     2.0000E-04     1.9998E-04
     5.4940E+00     2.0000E-04     0.0000E+00
     5.4940E+00     2.0000E-04     0.0000E+00
     5.7188E+00     2.0000E-04     1.9998E-04
     5.9435E+00     2.0000E-04     0.0000E+00
     5.9435E+00     6.0000E-04     0.0000E+00
     6.1683E+00     6.0000E-04     3.4634E-04
     6.3930E+00     6.0000E-04     0.0000E+00
     6.3930E+00     2.0000E-04     0.0000E+00
     6.6178E+00     2.0000E-04     1.9998E-04
     6.8425E+00     2.0000E-04     0.0000E+00
     6.8425E+00     6.0000E-04     0.0000E+00
     7.0672E+00     6.0000E-04     3.4634E-04
     7.2920E+00     6.0000E-04     0.0000E+00
     7.2920E+00     2.0000E-14     0.0000E+00
     7.5168E+00     2.0000E-14     0.0000E+00
     7.7415E+00     2.0000E-14     0.0000E+00
     7.7415E+00     2.0000E-14     0.0000E+00
     7.9663E+00     2.0000E-14     0.0000E+00
     8.1910E+00     2.0000E-14     0.0000E+00
     8.1910E+00     4.0000E-04     0.0000E+00
     8.4158E+00     4.0000E-04     2.8281E-04
     8.6405E+00     4.0000E-04     0.0000E+00
     8.6405E+00     4.0000E-04     0.0000E+00
     8.8652E+00     4.0000E-04     2.8281E-04
     9.0900E+00     4.0000E-04     0.0000E+00
     9.0900E+00     2.0000E-14     0.0000E+00
     9.3148E+00     2.0000E-14     0.0000E+00
     9.5395E+00     2.0000E-14     0.0000E+00
     9.5395E+00     2.0000E-14     0.0000E+00
     9.7643E+00     2.0000E-14     0.0000E+00
     9.9890E+00     2.0000E-14     0.0000E+00
     9.9890E+00     2.0000E-14     0.0000E+00
     1.0214E+01     2.0000E-14     0.0000E+00
     1.0439E+01     2.0000E-14     0.0000E+00
     1.0439E+01     2.0000E-14     0.0000E+00
     1.0663E+01     2.0000E-14     0.0000E+00
     1.0888E+01     2.0000E-14     0.0000E+00
     1.0888E+01     2.0000E-14     0.0000E+00
     1.1113E+01     2.0000E-14     0.0000E+00
     1.1338E+01     2.0000E-14     0.0000E+00
     1.1338E+01     2.0000E-14     0.0000E+00
     1.1562E+01     2.0000E-14     0.0000E+00
     1.1787E+01     2.0000E-14     0.0000E+00
     1.1787E+01     2.0000E-14     0.0000E+00
     1.2012E+01     2.0000E-14     0.0000E+00
     1.2237E+01     2.0000E-14     0.0000E+00
     1.2237E+01     2.0000E-14     0.0000E+00
     1.2461E+01     2.0000E-14     0.0000E+00
     1.2686E+01     2.0000E-14     0.0000E+00
     1.2686E+01     2.0000E-14     0.0000E+00
     1.2911E+01     2.0000E-14     0.0000E+00
     1.3136E+01     2.0000E-14     0.0000E+00
     1.3136E+01     2.0000E-14     0.0000E+00
     1.3360E+01     2.0000E-14     0.0000E+00
     1.3585E+01     2.0000E-14     0.0000E+00
     1.3585E+01     2.0000E-14     0.0000E+00
     1.3810E+01     2.0000E-14     0.0000E+00
     1.4034E+01     2.0000E-14     0.0000E+00
     1.4034E+01     2.0000E-14     0.0000E+00
     1.4259E+01     2.0000E-14     0.0000E+00
     1.4484E+01     2.0000E-14     0.0000E+00
     1.4484E+01     2.0000E-14     0.0000E+00
     1.4709E+01     2.0000E-14     0.0000E+00
     1.4934E+01     2.0000E-14     0.0000E+00
     1.4934E+01     2.0000E-14     0.0000E+00
     1.5158E+01     2.0000E-14     0.0000E+00
     1.5383E+01     2.0000E-14     0.0000E+00
     1.5383E+01     2.0000E-14     0.0000E+00
     1.5608E+01     2.0000E-14     0.0000E+00
     1.5832E+01     2.0000E-14     0.0000E+00
     1.5832E+01     2.0000E-14     0.0000E+00
     1.6057E+01     2.0000E-14     0.0000E+00
     1.6282E+01     2.0000E-14     0.0000E+00
     1.6282E+01     2.0000E-14     0.0000E+00
     1.6507E+01     2.0000E-14     0.0000E+00
     1.6732E+01     2.0000E-14     0.0000E+00
     1.6732E+01     2.0000E-14     0.0000E+00
     1.6956E+01     2.0000E-14     0.0000E+00
     1.7181E+01     2.0000E-14     0.0000E+00
     1.7181E+01     2.0000E-14     0.0000E+00
     1.7406E+01     2.0000E-14     0.0000E+00
     1.7631E+01     2.0000E-14     0.0000E+00
     1.7631E+01     2.0000E-14     0.0000E+00
     1.7855E+01     2.0000E-14     0.0000E+00
     1.8080E+01     2.0000E-14     0.0000E+00
     1.8080E+01     2.0000E-14     0.0000E+00
     1.8305E+01     2.0000E-14     0.0000E+00
     1.8530E+01     2.0000E-14     0.0000E+00
     1.8530E+01     2.0000E-14     0.0000E+00
     1.8754E+01     2.0000E-14     0.0000E+00
     1.8979E+01     2.0000E-14     0.0000E+00
     1.8979E+01     2.0000E-14     0.0000E+00
     1.9204E+01     2.0000E-14     0.0000E+00
     1.9429E+01     2.0000E-14     0.0000E+00
     1.9429E+01     2.0000E-14     0.0000E+00
     1.9653E+01     2.0000E-14     0.0000E+00
     1.9878E+01     2.0000E-14     0.0000E+00
     1.9878E+01     2.0000E-14     0.0000E+00
     2.0103E+01     2.0000E-14     0.0000E+00
     2.0328E+01     2.0000E-14     0.0000E+00
     2.0328E+01     2.0000E-14     0.0000E+00
     2.0552E+01     2.0000E-14     0.0000E+00
     2.0777E+01     2.0000E-14     0.0000E+00
     2.0777E+01     2.0000E-14     0.0000E+00
     2.1002E+01     2.0000E-14     0.0000E+00
     2.1227E+01     2.0000E-14     0.0000E+00
     2.1227E+01     2.0000E-14     0.0000E+00
     2.1451E+01     2.0000E-14     0.0000E+00
     2.1676E+01     2.0000E-14     0.0000E+00
     2.1676E+01     2.0000E-14     0.0000E+00
     2.1901E+01     2.0000E-14     0.0000E+00
     2.2126E+01     2.0000E-14     0.0000E+00
     2.2126E+01     2.0000E-14     0.0000E+00
     2.2350E+01     2.0000E-14     0.0000E+00
     2.2575E+01     2.0000E-14     0.0000E+00
     2.2575E+01     2.0000E-14     0.0000E+00
     2.2800E+01     2.0000E-14     0.0000E+00
     2.3025E+01     2.0000E-14     0.0000E+00
     2.3025E+01     2.0000E-14     0.0000E+00
     2.3249E+01     2.0000E-14     0.0000E+00
     2.3474E+01     2.0000E-14     0.0000E+00
     2.3474E+01     2.0000E-14     0.0000E+00
     2.3699E+01     2.0000E-14     0.0000E+00
     2.3924E+01     2.0000E-14     0.0000E+00
     2.3924E+01     2.0000E-14     0.0000E+00
     2.4148E+01     2.0000E-14     0.0000E+00
     2.4373E+01     2.0000E-14     0.0000E+00
     2.4373E+01     2.0000E-14     0.0000E+00
     2.4598E+01     2.0000E-14     0.0000E+00
     2.4823E+01     2.0000E-14     0.0000E+00
     2.4823E+01     2.0000E-14     0.0000E+00
     2.5047E+01     2.0000E-14     0.0000E+00
     2.5272E+01     2.0000E-14     0.0000E+00
     2.5272E+01     2.0000E-14     0.0000E+00
     2.5497E+01     2.0000E-14     0.0000E+00
     2.5722E+01     2.0000E-14     0.0000E+00
     2.5722E+01     2.0000E-14     0.0000E+00
     2.5946E+01     2.0000E-14     0.0000E+00
     2.6171E+01     2.0000E-14     0.0000E+00
     2.6171E+01     2.0000E-14     0.0000E+00
     2.6396E+01     2.0000E-14     0.0000E+00
     2.6621E+01     2.0000E-14     0.0000E+00
     2.6621E+01     2.0000E-14     0.0000E+00
     2.6845E+01     2.0000E-14     0.0000E+00
     2.7070E+01     2.0000E-14     0.0000E+00
     2.7070E+01     2.0000E-14     0.0000E+00
     2.7295E+01     2.0000E-14     0.0000E+00
     2.7520E+01     2.0000E-14     0.0000E+00
     2.7520E+01     2.0000E-14     0.0000E+00
     2.7744E+01     2.0000E-14     0.0000E+00
     2.7969E+01     2.0000E-14     0.0000E+00
     2.7969E+01     2.0000E-14     0.0000E+00
     2.8194E+01     2.0000E-14     0.0000E+00
     2.8419E+01     2.0000E-14     0.0000E+00
     2.8419E+01     2.0000E-14     0.0000E+00
     2.8643E+01     2.0000E-14     0.0000E+00
     2.8868E+01     2.0000E-14     0.0000E+00
     2.8868E+01     2.0000E-14     0.0000E+00
     2.9093E+01     2.0000E-14     0.0000E+00
     2.9318E+01     2.0000E-14     0.0000E+00
     2.9318E+01     2.0000E-14     0.0000E+00
     2.9542E+01     2.0000E-14     0.0000E+00
     2.9767E+01     2.0000E-14     0.0000E+00
     2.9767E+01     2.0000E-14     0.0000E+00
     2.9992E+01     2.0000E-14     0.0000E+00
     3.0217E+01     2.0000E-14     0.0000E+00
     3.0217E+01     2.0000E-14     0.0000E+00
     3.0441E+01     2.0000E-14     0.0000E+00
     3.0666E+01     2.0000E-14     0.0000E+00
     3.0666E+01     2.0000E-14     0.0000E+00
     3.0891E+01     2.0000E-14     0.0000E+00
     3.1116E+01     2.0000E-14     0.0000E+00
     3.1116E+01     2.0000E-14     0.0000E+00
     3.1340E+01     2.0000E-14     0.0000E+00
     3.1565E+01     2.0000E-14     0.0000E+00
     3.1565E+01     2.0000E-14     0.0000E+00
     3.1790E+01     2.0000E-14     0.0000E+00
     3.2015E+01     2.0000E-14     0.0000E+00
     3.2015E+01     2.0000E-14     0.0000E+00
     3.2239E+01     2.0000E-14     0.0000E+00
     3.2464E+01     2.0000E-14     0.0000E+00
     3.2464E+01     2.0000E-14     0.0000E+00
     3.2689E+01     2.0000E-14     0.0000E+00
     3.2914E+01     2.0000E-14     0.0000E+00
     3.2914E+01     2.0000E-14     0.0000E+00
     3.3138E+01     2.0000E-14     0.0000E+00
     3.3363E+01     2.0000E-14     0.0000E+00
     3.3363E+01     2.0000E-14     0.0000E+00
     3.3588E+01     2.0000E-14     0.0000E+00
     3.3812E+01     2.0000E-14     0.0000E+00
     3.3812E+01     2.0000E-14     0.0000E+00
     3.4037E+01     2.0000E-14     0.0000E+00
     3.4262E+01     2.0000E-14     0.0000E+00
     3.4262E+01     2.0000E-14     0.0000E+00
     3.4487E+01     2.0000E-14     0.0000E+00
     3.4712E+01     2.0000E-14     0.0000E+00
     3.4712E+01     2.0000E-14     0.0000E+00
     3.4936E+01     2.0000E-14     0.0000E+00
     3.5161E+01     2.0000E-14     0.0000E+00
     3.5161E+01     2.0000E-14     0.0000E+00
     3.5386E+01     2.0000E-14     0.0000E+00
     3.5611E+01     2.0000E-14     0.0000E+00
     3.5611E+01     2.0000E-14     0.0000E+00
     3.5835E+01     2.0000E-14     0.0000E+00
     3.6060E+01     2.0000E-14     0.0000E+00
     3.6060E+01     2.0000E-14     0.0000E+00
     3.6285E+01     2.0000E-14     0.0000E+00
     3.6510E+01     2.0000E-14     0.0000E+00
     3.6510E+01     2.0000E-14     0.0000E+00
     3.6734E+01     2.0000E-14     0.0000E+00
     3.6959E+01     2.0000E-14     0.0000E+00
     3.6959E+01     2.0000E-14     0.0000E+00
     3.7184E+01     2.0000E-14     0.0000E+00
     3.7409E+01     2.0000E-14     0.0000E+00
     3.7409E+01     2.0000E-04     0.0000E+00
     3.7633E+01     2.0000E-04     1.9998E-04
     3.7858E+01     2.0000E-04     0.0000E+00
     3.7858E+01     2.0000E-14     0.0000E+00
     3.8083E+01     2.0000E-14     0.0000E+00
     3.8308E+01     2.0000E-14     0.0000E+00
     3.8308E+01     2.0000E-14     0.0000E+00
     3.8532E+01     2.0000E-14     0.0000E+00
     3.8757E+01     2.0000E-14     0.0000E+00
     3.8757E+01     2.0000E-14     0.0000E+00
     3.8982E+01     2.0000E-14     0.0000E+00
     3.9207E+01     2.0000E-14     0.0000E+00
     3.9207E+01     2.0000E-14     0.0000E+00
     3.9431E+01     2.0000E-14     0.0000E+00
     3.9656E+01     2.0000E-14     0.0000E+00
     3.9656E+01     2.0000E-14     0.0000E+00
     3.9881E+01     2.0000E-14     0.0000E+00
     4.0106E+01     2.0000E-14     0.0000E+00
     4.0106E+01     2.0000E-14     0.0000E+00
     4.0330E+01     2.0000E-14     0.0000E+00
     4.0555E+01     2.0000E-14     0.0000E+00
     4.0555E+01     2.0000E-14     0.0000E+00
     4.0780E+01     2.0000E-14     0.0000E+00
     4.1005E+01     2.0000E-14     0.0000E+00
     4.1005E+01     2.0000E-14     0.0000E+00
     4.1229E+01     2.0000E-14     0.0000E+00
     4.1454E+01     2.0000E-14     0.0000E+00
     4.1454E+01     2.0000E-14     0.0000E+00
     4.1679E+01     2.0000E-14     0.0000E+00
     4.1904E+01     2.0000E-14     0.0000E+00
     4.1904E+01     2.0000E-14     0.0000E+00
     4.2128E+01     2.0000E-14     0.0000E+00
     4.2353E+01     2.0000E-14     0.0000E+00
     4.2353E+01     2.0000E-14     0.0000E+00
     4.2578E+01     2.0000E-14     0.0000E+00
     4.2803E+01     2.0000E-14     0.0000E+00
     4.2803E+01     2.0000E-14     0.0000E+00
     4.3027E+01     2.0000E-14     0.0000E+00
     4.3252E+01     2.0000E-14     0.0000E+00
     4.3252E+01     2.0000E-14     0.0000E+00
     4.3477E+01     2.0000E-14     0.0000E+00
     4.3702E+01     2.0000E-14     0.0000E+00
     4.3702E+01     2.0000E-14     0.0000E+00
     4.3926E+01     2.0000E-14     0.0000E+00
     4.4151E+01     2.0000E-14     0.0000E+00
     4.4151E+01     2.0000E-14     0.0000E+00
     4.4376E+01     2.0000E-14     0.0000E+00
     4.4601E+01     2.0000E-14     0.0000E+00
     4.4601E+01     2.0000E-14     0.0000E+00
     4.4825E+01     2.0000E-14     0.0000E+00
     4.5050E+01     2.0000E-14     0.0000E+00
     4.5050E+01     2.0000E-14     0.0000E+00
     4.5275E+01     2.0000E-14     0.0000E+00
     4.5500E+01     2.0000E-14     0.0000E+00
     4.5500E+01     2.0000E-14     0.0000E+00
     4.5724E+01     2.0000E-14     0.0000E+00
     4.5949E+01     2.0000E-14     0.0000E+00
     4.5949E+01     2.0000E-14     0.0000E+00
     4.6174E+01     2.0000E-14     0.0000E+00
     4.6399E+01     2.0000E-14     0.0000E+00
     4.6399E+01     2.0000E-14     0.0000E+00
     4.6623E+01     2.0000E-14     0.0000E+00
     4.6848E+01     2.0000E-14     0.0000E+00
     4.6848E+01     2.0000E-14     0.0000E+00
     4.7073E+01     2.0000E-14     0.0000E+00
     4.7297E+01     2.0000E-14     0.0000E+00
     4.7297E+01     2.0000E-14     0.0000E+00
     4.7522E+01     2.0000E-14     0.0000E+00
     4.7747E+01     2.0000E-14     0.0000E+00
     4.7747E+01     2.0000E-14     0.0000E+00
     4.7972E+01     2.0000E-14     0.0000E+00
     4.8197E+01     2.0000E-14     0.0000E+00
     4.8197E+01     2.0000E-14     0.0000E+00
     4.8421E+01     2.0000E-14     0.0000E+00
     4.8646E+01     2.0000E-14     0.0000E+00
     4.8646E+01     2.0000E-14     0.0000E+00
     4.8871E+01     2.0000E-14     0.0000E+00
     4.9096E+01     2.0000E-14     0.0000E+00
     4.9096E+01     2.0000E-14     0.0000E+00
     4.9320E+01     2.0000E-14     0.0000E+00
     4.9545E+01     2.0000E-14     0.0000E+00
     4.9545E+01     2.0000E-14     0.0000E+00
     4.9770E+01     2.0000E-14     0.0000E+00
     4.9995E+01     2.0000E-14     0.0000E+00
     4.9995E+01     2.0000E-14     0.0000E+00
     5.0219E+01     2.0000E-14     0.0000E+00
     5.0444E+01     2.0000E-14     0.0000E+00
     5.0444E+01     2.0000E-04     0.0000E+00
     5.0669E+01     2.0000E-04     1.9998E-04
     5.0894E+01     2.0000E-04     0.0000E+00
     5.0894E+01     2.0000E-14     0.0000E+00
     5.1118E+01     2.0000E-14     0.0000E+00
     5.1343E+01     2.0000E-14     0.0000E+00
     5.1343E+01     2.0000E-14     0.0000E+00
     5.1568E+01     2.0000E-14     0.0000E+00
     5.1793E+01     2.0000E-14     0.0000E+00
     5.1793E+01     2.0000E-14     0.0000E+00
     5.2017E+01     2.0000E-14     0.0000E+00
     5.2242E+01     2.0000E-14     0.0000E+00
     5.2242E+01     2.0000E-14     0.0000E+00
     5.2467E+01     2.0000E-14     0.0000E+00
     5.2692E+01     2.0000E-14     0.0000E+00
     5.2692E+01     2.0000E-14     0.0000E+00
     5.2916E+01     2.0000E-14     0.0000E+00
     5.3141E+01     2.0000E-14     0.0000E+00
     5.3141E+01     2.0000E-14     0.0000E+00
     5.3366E+01     2.0000E-14     0.0000E+00
     5.3591E+01     2.0000E-14     0.0000E+00
     5.3591E+01     2.0000E-14     0.0000E+00
     5.3815E+01     2.0000E-14     0.0000E+00
     5.4040E+01     2.0000E-14     0.0000E+00
     5.4040E+01     2.0000E-14     0.0000E+00
     5.4265E+01     2.0000E-14     0.0000E+00
     5.4490E+01     2.0000E-14     0.0000E+00
     5.4490E+01     2.0000E-14     0.0000E+00
     5.4714E+01     2.0000E-14     0.0000E+00
     5.4939E+01     2.0000E-14     0.0000E+00
     5.4939E+01     2.0000E-14     0.0000E+00
     5.5164E+01     2.0000E-14     0.0000E+00
     5.5389E+01     2.0000E-14     0.0000E+00
     5.5389E+01     2.0000E-14     0.0000E+00
     5.5613E+01     2.0000E-14     0.0000E+00
     5.5838E+01     2.0000E-14     0.0000E+00
     5.5838E+01     2.0000E-14     0.0000E+00
     5.6063E+01     2.0000E-14     0.0000E+00
     5.6288E+01     2.0000E-14     0.0000E+00
     5.6288E+01     2.0000E-14     0.0000E+00
     5.6512E+01     2.0000E-14     0.0000E+00
     5.6737E+01     2.0000E-14     0.0000E+00
     5.6737E+01     2.0000E-14     0.0000E+00
     5.6962E+01     2.0000E-14     0.0000E+00
     5.7187E+01     2.0000E-14     0.0000E+00
     5.7187E+01     2.0000E-14     0.0000E+00
     5.7411E+01     2.0000E-14     0.0000E+00
     5.7636E+01     2.0000E-14     0.0000E+00
     5.7636E+01     2.0000E-14     0.0000E+00
     5.7861E+01     2.0000E-14     0.0000E+00
     5.8086E+01     2.0000E-14     0.0000E+00
     5.8086E+01     2.0000E-14     0.0000E+00
     5.8310E+01     2.0000E-14     0.0000E+00
     5.8535E+01     2.0000E-14     0.0000E+00
     5.8535E+01     2.0000E-14     0.0000E+00
     5.8760E+01     2.0000E-14     0.0000E+00
     5.8985E+01     2.0000E-14     0.0000E+00
     5.8985E+01     2.0000E-14     0.0000E+00
     5.9209E+01     2.0000E-14     0.0000E+00
     5.9434E+01     2.0000E-14     0.0000E+00
     5.9434E+01     2.0000E-14     0.0000E+00
     5.9659E+01     2.0000E-14     0.0000E+00
     5.9884E+01     2.0000E-14     0.0000E+00
     5.9884E+01     2.0000E-14     0.0000E+00
     6.0108E+01     2.0000E-14     0.0000E+00
     6.0333E+01     2.0000E-14     0.0000E+00
     6.0333E+01     2.0000E-14     0.0000E+00
     6.0558E+01     2.0000E-14     0.0000E+00
     6.0782E+01     2.0000E-14     0.0000E+00
     6.0782E+01     2.0000E-14     0.0000E+00
     6.1007E+01     2.0000E-14     0.0000E+00
     6.1232E+01     2.0000E-14     0.0000E+00
     6.1232E+01     2.0000E-14     0.0000E+00
     6.1457E+01     2.0000E-14     0.0000E+00
     6.1682E+01     2.0000E-14     0.0000E+00
     6.1682E+01     2.0000E-14     0.0000E+00
     6.1906E+01     2.0000E-14     0.0000E+00
     6.2131E+01     2.0000E-14     0.0000E+00
     6.2131E+01     2.0000E-14     0.0000E+00
     6.2356E+01     2.0000E-14     0.0000E+00
     6.2581E+01     2.0000E-14     0.0000E+00
     6.2581E+01     2.0000E-14     0.0000E+00
     6.2805E+01     2.0000E-14     0.0000E+00
     6.3030E+01     2.0000E-14     0.0000E+00
     6.3030E+01     2.0000E-14     0.0000E+00
     6.3255E+01     2.0000E-14     0.0000E+00
     6.3480E+01     2.0000E-14     0.0000E+00
     6.3480E+01     2.0000E-14     0.0000E+00
     6.3704E+01     2.0000E-14     0.0000E+00
     6.3929E+01     2.0000E-14     0.0000E+00
     6.3929E+01     2.0000E-14     0.0000E+00
     6.4154E+01     2.0000E-14     0.0000E+00
     6.4379E+01     2.0000E-14     0.0000E+00
     6.4379E+01     2.0000E-14     0.0000E+00
     6.4603E+01     2.0000E-14     0.0000E+00
     6.4828E+01     2.0000E-14     0.0000E+00
     6.4828E+01     2.0000E-14     0.0000E+00
     6.5053E+01     2.0000E-14     0.0000E+00
     6.5277E+01     2.0000E-14     0.0000E+00
     6.5277E+01     2.0000E-14     0.0000E+00
     6.5502E+01     2.0000E-14     0.0000E+00
     6.5727E+01     2.0000E-14     0.0000E+00
     6.5727E+01     2.0000E-14     0.0000E+00
     6.5952E+01     2.0000E-14     0.0000E+00
     6.6177E+01     2.0000E-14     0.0000E+00
     6.6177E+01     2.0000E-14     0.0000E+00
     6.6401E+01     2.0000E-14     0.0000E+00
     6.6626E+01     2.0000E-14     0.0000E+00
     6.6626E+01     2.0000E-14     0.0000E+00
     6.6851E+01     2.0000E-14     0.0000E+00
     6.7075E+01     2.0000E-14     0.0000E+00
     6.7075E+01     2.0000E-14     0.0000E+00
     6.7300E+01     2.0000E-14     0.0000E+00
     6.7525E+01     2.0000E-14     0.0000E+00
     6.7525E+01     2.0000E-14     0.0000E+00
     6.7750E+01     2.0000E-14     0.0000E+00
     6.7975E+01     2.0000E-14     0.0000E+00
     6.7975E+01     2.0000E-14     0.0000E+00
     6.8199E+01     2.0000E-14     0.0000E+00
     6.8424E+01     2.0000E-14     0.0000E+00
     6.8424E+01     2.0000E-14     0.0000E+00
     6.8649E+01     2.0000E-14     0.0000E+00
     6.8873E+01     2.0000E-14     0.0000E+00
     6.8873E+01     2.0000E-14     0.0000E+00
     6.9098E+01     2.0000E-14     0.0000E+00
     6.9323E+01     2.0000E-14     0.0000E+00
     6.9323E+01     2.0000E-14     0.0000E+00
     6.9548E+01     2.0000E-14     0.0000E+00
     6.9772E+01     2.0000E-14     0.0000E+00
     6.9772E+01     2.0000E-14     0.0000E+00
     6.9997E+01     2.0000E-14     0.0000E+00
     7.0222E+01     2.0000E-14     0.0000E+00
     7.0222E+01     2.0000E-14     0.0000E+00
     7.0447E+01     2.0000E-14     0.0000E+00
     7.0671E+01     2.0000E-14     0.0000E+00
     7.0671E+01     2.0000E-14     0.0000E+00
     7.0896E+01     2.0000E-14     0.0000E+00
     7.1121E+01     2.0000E-14     0.0000E+00
     7.1121E+01     2.0000E-14     0.0000E+00
     7.1346E+01     2.0000E-14     0.0000E+00
     7.1570E+01     2.0000E-14     0.0000E+00
     7.1570E+01     2.0000E-14     0.0000E+00
     7.1795E+01     2.0000E-14     0.0000E+00
     7.2020E+01     2.0000E-14     0.0000E+00
     7.2020E+01     2.0000E-14     0.0000E+00
     7.2245E+01     2.0000E-14     0.0000E+00
     7.2469E+01     2.0000E-14     0.0000E+00
     7.2469E+01     2.0000E-14     0.0000E+00
     7.2694E+01     2.0000E-14     0.0000E+00
     7.2919E+01     2.0000E-14     0.0000E+00
     7.2919E+01     2.0000E-14     0.0000E+00
     7.3144E+01     2.0000E-14     0.0000E+00
     7.3368E+01     2.0000E-14     0.0000E+00
     7.3368E+01     2.0000E-14     0.0000E+00
     7.3593E+01     2.0000E-14     0.0000E+00
     7.3818E+01     2.0000E-14     0.0000E+00
     7.3818E+01     2.0000E-14     0.0000E+00
     7.4043E+01     2.0000E-14     0.0000E+00
     7.4267E+01     2.0000E-14     0.0000E+00
     7.4267E+01     2.0000E-14     0.0000E+00
     7.4492E+01     2.0000E-14     0.0000E+00
     7.4717E+01     2.0000E-14     0.0000E+00
     7.4717E+01     2.0000E-14     0.0000E+00
     7.4942E+01     2.0000E-14     0.0000E+00
     7.5166E+01     2.0000E-14     0.0000E+00
     7.5166E+01     2.0000E-14     0.0000E+00
     7.5391E+01     2.0000E-14     0.0000E+00
     7.5616E+01     2.0000E-14     0.0000E+00
     7.5616E+01     2.0000E-14     0.0000E+00
     7.5841E+01     2.0000E-14     0.0000E+00
     7.6066E+01     2.0000E-14     0.0000E+00
     7.6066E+01     2.0000E-14     0.0000E+00
     7.6290E+01     2.0000E-14     0.0000E+00
     7.6515E+01     2.0000E-14     0.0000E+00
     7.6515E+01     2.0000E-14     0.0000E+00
     7.6740E+01     2.0000E-14     0.0000E+00
     7.6965E+01     2.0000E-14     0.0000E+00
     7.6965E+01     2.0000E-14     0.0000E+00
     7.7189E+01     2.0000E-14     0.0000E+00
     7.7414E+01     2.0000E-14     0.0000E+00
     7.7414E+01     2.0000E-14     0.0000E+00
     7.7639E+01     2.0000E-14     0.0000E+00
     7.7864E+01     2.0000E-14     0.0000E+00
     7.7864E+01     2.0000E-14     0.0000E+00
     7.8088E+01     2.0000E-14     0.0000E+00
     7.8313E+01     2.0000E-14     0.0000E+00
     7.8313E+01     2.0000E-14     0.0000E+00
     7.8538E+01     2.0000E-14     0.0000E+00
     7.8763E+01     2.0000E-14     0.0000E+00
     7.8763E+01     2.0000E-14     0.0000E+00
     7.8987E+01     2.0000E-14     0.0000E+00
     7.9212E+01     2.0000E-14     0.0000E+00
     7.9212E+01     2.0000E-14     0.0000E+00
     7.9437E+01     2.0000E-14     0.0000E+00
     7.9662E+01     2.0000E-14     0.0000E+00
     7.9662E+01     2.0000E-14     0.0000E+00
     7.9886E+01     2.0000E-14     0.0000E+00
     8.0111E+01     2.0000E-14     0.0000E+00
     8.0111E+01     2.0000E-14     0.0000E+00
     8.0336E+01     2.0000E-14     0.0000E+00
     8.0560E+01     2.0000E-14     0.0000E+00
     8.0560E+01     2.0000E-14     0.0000E+00
     8.0785E+01     2.0000E-14     0.0000E+00
     8.1010E+01     2.0000E-14     0.0000E+00
     8.1010E+01     2.0000E-14     0.0000E+00
     8.1235E+01     2.0000E-14     0.0000E+00
     8.1460E+01     2.0000E-14     0.0000E+00
     8.1460E+01     2.0000E-14     0.0000E+00
     8.1684E+01     2.0000E-14     0.0000E+00
     8.1909E+01     2.0000E-14     0.0000E+00
     8.1909E+01     2.0000E-14     0.0000E+00
     8.2134E+01     2.0000E-14     0.0000E+00
     8.2358E+01     2.0000E-14     0.0000E+00
     8.2358E+01     2.0000E-14     0.0000E+00
     8.2583E+01     2.0000E-14     0.0000E+00
     8.2808E+01     2.0000E-14     0.0000E+00
     8.2808E+01     2.0000E-14     0.0000E+00
     8.3033E+01     2.0000E-14     0.0000E+00
     8.3257E+01     2.0000E-14     0.0000E+00
     8.3257E+01     2.0000E-14     0.0000E+00
     8.3482E+01     2.0000E-14     0.0000E+00
     8.3707E+01     2.0000E-14     0.0000E+00
     8.3707E+01     2.0000E-14     0.0000E+00
     8.3932E+01     2.0000E-14     0.0000E+00
     8.4156E+01     2.0000E-14     0.0000E+00
     8.4156E+01     2.0000E-14     0.0000E+00
     8.4381E+01     2.0000E-14     0.0000E+00
     8.4606E+01     2.0000E-14     0.0000E+00
     8.4606E+01     2.0000E-14     0.0000E+00
     8.4831E+01     2.0000E-14     0.0000E+00
     8.5056E+01     2.0000E-14     0.0000E+00
     8.5056E+01     2.0000E-14     0.0000E+00
     8.5280E+01     2.0000E-14     0.0000E+00
     8.5505E+01     2.0000E-14     0.0000E+00
     8.5505E+01     2.0000E-14     0.0000E+00
     8.5730E+01     2.0000E-14     0.0000E+00
     8.5954E+01     2.0000E-14     0.0000E+00
     8.5954E+01     2.0000E-14     0.0000E+00
     8.6179E+01     2.0000E-14     0.0000E+00
     8.6404E+01     2.0000E-14     0.0000E+00
     8.6404E+01     2.0000E-14     0.0000E+00
     8.6629E+01     2.0000E-14     0.0000E+00
     8.6853E+01     2.0000E-14     0.0000E+00
     8.6853E+01     2.0000E-14     0.0000E+00
     8.7078E+01     2.0000E-14     0.0000E+00
     8.7303E+01     2.0000E-14     0.0000E+00
     8.7303E+01     2.0000E-14     0.0000E+00
     8.7528E+01     2.0000E-14     0.0000E+00
     8.7752E+01     2.0000E-14     0.0000E+00
     8.7752E+01     2.0000E-14     0.0000E+00
     8.7977E+01     2.0000E-14     0.0000E+00
     8.8202E+01     2.0000E-14     0.0000E+00
     8.8202E+01     2.0000E-14     0.0000E+00
     8.8427E+01     2.0000E-14     0.0000E+00
     8.8652E+01     2.0000E-14     0.0000E+00
     8.8652E+01     2.0000E-14     0.0000E+00
     8.8876E+01     2.0000E-14     0.0000E+00
     8.9101E+01     2.0000E-14     0.0000E+00
     8.9101E+01     2.0000E-14     0.0000E+00
     8.9326E+01     2.0000E-14     0.0000E+00
     8.9550E+01     2.0000E-14     0.0000E+00
     8.9550E+01     2.0000E-14     0.0000E+00
     8.9775E+01     2.0000E-14     0.0000E+00
     9.0000E+01     2.0000E-14     0.0000E+00
     9.0000E+01     2.0000E-19     0.0000E+00
&
