@g0 type xy 
@    title "angular distribution"
@    subtitle "/home/miia/EGSnrc/egs_home/BEAM_EX10MeVe/EX10MeVe1.egsphsp1"
@    legend on
@    legend box linestyle 0
@    legend x1 0.6
@    legend y1 0.75
@    view xmin 0.250000
@    xaxis  label "angle /degree"
@    timestamp on
@    yaxis  label "particles/angular bin/incident particle"
@    s0 on
@    legend string  0 "IQ =2  NO LATCH CHECK"
@    s0 errorbar length 0.000000
@    s0 symbol color 1
@TYPE xydy
     4.5000E-11     2.0000E-19     0.0000E+00
     4.5000E-11     8.0000E-04     0.0000E+00
     2.2500E-01     8.0000E-04     3.9988E-04
     4.5000E-01     8.0000E-04     0.0000E+00
     4.5000E-01     2.4000E-03     0.0000E+00
     6.7500E-01     2.4000E-03     6.9206E-04
     9.0000E-01     2.4000E-03     0.0000E+00
     9.0000E-01     3.4000E-03     0.0000E+00
     1.1250E+00     3.4000E-03     8.2330E-04
     1.3500E+00     3.4000E-03     0.0000E+00
     1.3500E+00     4.4000E-03     0.0000E+00
     1.5750E+00     4.4000E-03     9.3611E-04
     1.8000E+00     4.4000E-03     0.0000E+00
     1.8000E+00     5.8000E-03     0.0000E+00
     2.0250E+00     5.8000E-03     1.0740E-03
     2.2500E+00     5.8000E-03     0.0000E+00
     2.2500E+00     5.8000E-03     0.0000E+00
     2.4750E+00     5.8000E-03     1.1106E-03
     2.7000E+00     5.8000E-03     0.0000E+00
     2.7000E+00     6.8000E-03     0.0000E+00
     2.9250E+00     6.8000E-03     1.1623E-03
     3.1500E+00     6.8000E-03     0.0000E+00
     3.1500E+00     7.2000E-03     0.0000E+00
     3.3750E+00     7.2000E-03     1.1958E-03
     3.6000E+00     7.2000E-03     0.0000E+00
     3.6000E+00     6.6000E-03     0.0000E+00
     3.8250E+00     6.6000E-03     1.1452E-03
     4.0500E+00     6.6000E-03     0.0000E+00
     4.0500E+00     2.8000E-03     0.0000E+00
     4.2750E+00     2.8000E-03     7.4736E-04
     4.5000E+00     2.8000E-03     0.0000E+00
     4.5000E+00     4.2000E-03     0.0000E+00
     4.7250E+00     4.2000E-03     9.1468E-04
     4.9500E+00     4.2000E-03     0.0000E+00
     4.9500E+00     3.6000E-03     0.0000E+00
     5.1750E+00     3.6000E-03     8.4708E-04
     5.4000E+00     3.6000E-03     0.0000E+00
     5.4000E+00     4.2000E-03     0.0000E+00
     5.6250E+00     4.2000E-03     9.1468E-04
     5.8500E+00     4.2000E-03     0.0000E+00
     5.8500E+00     4.8000E-03     0.0000E+00
     6.0750E+00     4.8000E-03     1.0176E-03
     6.3000E+00     4.8000E-03     0.0000E+00
     6.3000E+00     2.6000E-03     0.0000E+00
     6.5250E+00     2.6000E-03     7.2024E-04
     6.7500E+00     2.6000E-03     0.0000E+00
     6.7500E+00     2.6000E-03     0.0000E+00
     6.9750E+00     2.6000E-03     7.2024E-04
     7.2000E+00     2.6000E-03     0.0000E+00
     7.2000E+00     1.6000E-03     0.0000E+00
     7.4250E+00     1.6000E-03     5.6529E-04
     7.6500E+00     1.6000E-03     0.0000E+00
     7.6500E+00     1.8000E-03     0.0000E+00
     7.8750E+00     1.8000E-03     5.9952E-04
     8.1000E+00     1.8000E-03     0.0000E+00
     8.1000E+00     1.8000E-03     0.0000E+00
     8.3250E+00     1.8000E-03     5.9952E-04
     8.5500E+00     1.8000E-03     0.0000E+00
     8.5500E+00     1.4000E-03     0.0000E+00
     8.7750E+00     1.4000E-03     5.2883E-04
     9.0000E+00     1.4000E-03     0.0000E+00
     9.0000E+00     8.0000E-04     0.0000E+00
     9.2250E+00     8.0000E-04     3.9988E-04
     9.4500E+00     8.0000E-04     0.0000E+00
     9.4500E+00     8.0000E-04     0.0000E+00
     9.6750E+00     8.0000E-04     3.9988E-04
     9.9000E+00     8.0000E-04     0.0000E+00
     9.9000E+00     2.0000E-04     0.0000E+00
     1.0125E+01     2.0000E-04     1.9998E-04
     1.0350E+01     2.0000E-04     0.0000E+00
     1.0350E+01     1.0000E-03     0.0000E+00
     1.0575E+01     1.0000E-03     4.4703E-04
     1.0800E+01     1.0000E-03     0.0000E+00
     1.0800E+01     1.2000E-03     0.0000E+00
     1.1025E+01     1.2000E-03     4.8965E-04
     1.1250E+01     1.2000E-03     0.0000E+00
     1.1250E+01     1.0000E-03     0.0000E+00
     1.1475E+01     1.0000E-03     4.4703E-04
     1.1700E+01     1.0000E-03     0.0000E+00
     1.1700E+01     4.0000E-04     0.0000E+00
     1.1925E+01     4.0000E-04     2.8281E-04
     1.2150E+01     4.0000E-04     0.0000E+00
     1.2150E+01     1.2000E-03     0.0000E+00
     1.2375E+01     1.2000E-03     4.8965E-04
     1.2600E+01     1.2000E-03     0.0000E+00
     1.2600E+01     6.0000E-04     0.0000E+00
     1.2825E+01     6.0000E-04     3.4634E-04
     1.3050E+01     6.0000E-04     0.0000E+00
     1.3050E+01     2.0000E-04     0.0000E+00
     1.3275E+01     2.0000E-04     1.9998E-04
     1.3500E+01     2.0000E-04     0.0000E+00
     1.3500E+01     4.0000E-04     0.0000E+00
     1.3725E+01     4.0000E-04     2.8281E-04
     1.3950E+01     4.0000E-04     0.0000E+00
     1.3950E+01     2.0000E-04     0.0000E+00
     1.4175E+01     2.0000E-04     1.9998E-04
     1.4400E+01     2.0000E-04     0.0000E+00
     1.4400E+01     2.0000E-04     0.0000E+00
     1.4625E+01     2.0000E-04     1.9998E-04
     1.4850E+01     2.0000E-04     0.0000E+00
     1.4850E+01     4.0000E-04     0.0000E+00
     1.5075E+01     4.0000E-04     2.8281E-04
     1.5300E+01     4.0000E-04     0.0000E+00
     1.5300E+01     6.0000E-04     0.0000E+00
     1.5525E+01     6.0000E-04     3.4634E-04
     1.5750E+01     6.0000E-04     0.0000E+00
     1.5750E+01     1.0000E-03     0.0000E+00
     1.5975E+01     1.0000E-03     4.4703E-04
     1.6200E+01     1.0000E-03     0.0000E+00
     1.6200E+01     1.0000E-03     0.0000E+00
     1.6425E+01     1.0000E-03     4.4703E-04
     1.6650E+01     1.0000E-03     0.0000E+00
     1.6650E+01     1.8000E-03     0.0000E+00
     1.6875E+01     1.8000E-03     5.9952E-04
     1.7100E+01     1.8000E-03     0.0000E+00
     1.7100E+01     1.2000E-03     0.0000E+00
     1.7325E+01     1.2000E-03     4.8965E-04
     1.7550E+01     1.2000E-03     0.0000E+00
     1.7550E+01     4.0000E-04     0.0000E+00
     1.7775E+01     4.0000E-04     2.8281E-04
     1.8000E+01     4.0000E-04     0.0000E+00
     1.8000E+01     4.0000E-04     0.0000E+00
     1.8225E+01     4.0000E-04     2.8281E-04
     1.8450E+01     4.0000E-04     0.0000E+00
     1.8450E+01     8.0000E-04     0.0000E+00
     1.8675E+01     8.0000E-04     3.9988E-04
     1.8900E+01     8.0000E-04     0.0000E+00
     1.8900E+01     6.0000E-04     0.0000E+00
     1.9125E+01     6.0000E-04     3.4634E-04
     1.9350E+01     6.0000E-04     0.0000E+00
     1.9350E+01     8.0000E-04     0.0000E+00
     1.9575E+01     8.0000E-04     3.9988E-04
     1.9800E+01     8.0000E-04     0.0000E+00
     1.9800E+01     1.0000E-03     0.0000E+00
     2.0025E+01     1.0000E-03     4.4703E-04
     2.0250E+01     1.0000E-03     0.0000E+00
     2.0250E+01     2.0000E-04     0.0000E+00
     2.0475E+01     2.0000E-04     1.9998E-04
     2.0700E+01     2.0000E-04     0.0000E+00
     2.0700E+01     2.0000E-04     0.0000E+00
     2.0925E+01     2.0000E-04     1.9998E-04
     2.1150E+01     2.0000E-04     0.0000E+00
     2.1150E+01     2.0000E-14     0.0000E+00
     2.1375E+01     2.0000E-14     0.0000E+00
     2.1600E+01     2.0000E-14     0.0000E+00
     2.1600E+01     4.0000E-04     0.0000E+00
     2.1825E+01     4.0000E-04     2.8281E-04
     2.2050E+01     4.0000E-04     0.0000E+00
     2.2050E+01     4.0000E-04     0.0000E+00
     2.2275E+01     4.0000E-04     2.8281E-04
     2.2500E+01     4.0000E-04     0.0000E+00
     2.2500E+01     6.0000E-04     0.0000E+00
     2.2725E+01     6.0000E-04     3.4634E-04
     2.2950E+01     6.0000E-04     0.0000E+00
     2.2950E+01     8.0000E-04     0.0000E+00
     2.3175E+01     8.0000E-04     3.9988E-04
     2.3400E+01     8.0000E-04     0.0000E+00
     2.3400E+01     6.0000E-04     0.0000E+00
     2.3625E+01     6.0000E-04     3.4634E-04
     2.3850E+01     6.0000E-04     0.0000E+00
     2.3850E+01     1.2000E-03     0.0000E+00
     2.4075E+01     1.2000E-03     4.8965E-04
     2.4300E+01     1.2000E-03     0.0000E+00
     2.4300E+01     8.0000E-04     0.0000E+00
     2.4525E+01     8.0000E-04     3.9988E-04
     2.4750E+01     8.0000E-04     0.0000E+00
     2.4750E+01     4.0000E-04     0.0000E+00
     2.4975E+01     4.0000E-04     2.8281E-04
     2.5200E+01     4.0000E-04     0.0000E+00
     2.5200E+01     1.2000E-03     0.0000E+00
     2.5425E+01     1.2000E-03     4.8965E-04
     2.5650E+01     1.2000E-03     0.0000E+00
     2.5650E+01     4.0000E-04     0.0000E+00
     2.5875E+01     4.0000E-04     2.8281E-04
     2.6100E+01     4.0000E-04     0.0000E+00
     2.6100E+01     6.0000E-04     0.0000E+00
     2.6325E+01     6.0000E-04     3.4634E-04
     2.6550E+01     6.0000E-04     0.0000E+00
     2.6550E+01     6.0000E-04     0.0000E+00
     2.6775E+01     6.0000E-04     3.4634E-04
     2.7000E+01     6.0000E-04     0.0000E+00
     2.7000E+01     6.0000E-04     0.0000E+00
     2.7225E+01     6.0000E-04     3.4634E-04
     2.7450E+01     6.0000E-04     0.0000E+00
     2.7450E+01     4.0000E-04     0.0000E+00
     2.7675E+01     4.0000E-04     2.8281E-04
     2.7900E+01     4.0000E-04     0.0000E+00
     2.7900E+01     8.0000E-04     0.0000E+00
     2.8125E+01     8.0000E-04     3.9988E-04
     2.8350E+01     8.0000E-04     0.0000E+00
     2.8350E+01     2.0000E-04     0.0000E+00
     2.8575E+01     2.0000E-04     1.9998E-04
     2.8800E+01     2.0000E-04     0.0000E+00
     2.8800E+01     4.0000E-04     0.0000E+00
     2.9025E+01     4.0000E-04     2.8281E-04
     2.9250E+01     4.0000E-04     0.0000E+00
     2.9250E+01     2.0000E-14     0.0000E+00
     2.9475E+01     2.0000E-14     0.0000E+00
     2.9700E+01     2.0000E-14     0.0000E+00
     2.9700E+01     4.0000E-04     0.0000E+00
     2.9925E+01     4.0000E-04     2.8281E-04
     3.0150E+01     4.0000E-04     0.0000E+00
     3.0150E+01     6.0000E-04     0.0000E+00
     3.0375E+01     6.0000E-04     3.4634E-04
     3.0600E+01     6.0000E-04     0.0000E+00
     3.0600E+01     2.0000E-04     0.0000E+00
     3.0825E+01     2.0000E-04     1.9998E-04
     3.1050E+01     2.0000E-04     0.0000E+00
     3.1050E+01     4.0000E-04     0.0000E+00
     3.1275E+01     4.0000E-04     2.8281E-04
     3.1500E+01     4.0000E-04     0.0000E+00
     3.1500E+01     1.0000E-03     0.0000E+00
     3.1725E+01     1.0000E-03     4.4703E-04
     3.1950E+01     1.0000E-03     0.0000E+00
     3.1950E+01     4.0000E-04     0.0000E+00
     3.2175E+01     4.0000E-04     2.8281E-04
     3.2400E+01     4.0000E-04     0.0000E+00
     3.2400E+01     8.0000E-04     0.0000E+00
     3.2625E+01     8.0000E-04     3.9988E-04
     3.2850E+01     8.0000E-04     0.0000E+00
     3.2850E+01     2.0000E-14     0.0000E+00
     3.3075E+01     2.0000E-14     0.0000E+00
     3.3300E+01     2.0000E-14     0.0000E+00
     3.3300E+01     6.0000E-04     0.0000E+00
     3.3525E+01     6.0000E-04     3.4634E-04
     3.3750E+01     6.0000E-04     0.0000E+00
     3.3750E+01     2.0000E-04     0.0000E+00
     3.3975E+01     2.0000E-04     1.9998E-04
     3.4200E+01     2.0000E-04     0.0000E+00
     3.4200E+01     2.0000E-04     0.0000E+00
     3.4425E+01     2.0000E-04     1.9998E-04
     3.4650E+01     2.0000E-04     0.0000E+00
     3.4650E+01     1.0000E-03     0.0000E+00
     3.4875E+01     1.0000E-03     4.4703E-04
     3.5100E+01     1.0000E-03     0.0000E+00
     3.5100E+01     8.0000E-04     0.0000E+00
     3.5325E+01     8.0000E-04     3.9988E-04
     3.5550E+01     8.0000E-04     0.0000E+00
     3.5550E+01     4.0000E-04     0.0000E+00
     3.5775E+01     4.0000E-04     2.8281E-04
     3.6000E+01     4.0000E-04     0.0000E+00
     3.6000E+01     2.0000E-04     0.0000E+00
     3.6225E+01     2.0000E-04     1.9998E-04
     3.6450E+01     2.0000E-04     0.0000E+00
     3.6450E+01     2.0000E-04     0.0000E+00
     3.6675E+01     2.0000E-04     1.9998E-04
     3.6900E+01     2.0000E-04     0.0000E+00
     3.6900E+01     2.0000E-14     0.0000E+00
     3.7125E+01     2.0000E-14     0.0000E+00
     3.7350E+01     2.0000E-14     0.0000E+00
     3.7350E+01     8.0000E-04     0.0000E+00
     3.7575E+01     8.0000E-04     3.9988E-04
     3.7800E+01     8.0000E-04     0.0000E+00
     3.7800E+01     2.0000E-14     0.0000E+00
     3.8025E+01     2.0000E-14     0.0000E+00
     3.8250E+01     2.0000E-14     0.0000E+00
     3.8250E+01     6.0000E-04     0.0000E+00
     3.8475E+01     6.0000E-04     3.4634E-04
     3.8700E+01     6.0000E-04     0.0000E+00
     3.8700E+01     6.0000E-04     0.0000E+00
     3.8925E+01     6.0000E-04     3.4634E-04
     3.9150E+01     6.0000E-04     0.0000E+00
     3.9150E+01     6.0000E-04     0.0000E+00
     3.9375E+01     6.0000E-04     3.4634E-04
     3.9600E+01     6.0000E-04     0.0000E+00
     3.9600E+01     2.0000E-04     0.0000E+00
     3.9825E+01     2.0000E-04     1.9998E-04
     4.0050E+01     2.0000E-04     0.0000E+00
     4.0050E+01     2.0000E-04     0.0000E+00
     4.0275E+01     2.0000E-04     1.9998E-04
     4.0500E+01     2.0000E-04     0.0000E+00
     4.0500E+01     2.0000E-04     0.0000E+00
     4.0725E+01     2.0000E-04     1.9998E-04
     4.0950E+01     2.0000E-04     0.0000E+00
     4.0950E+01     6.0000E-04     0.0000E+00
     4.1175E+01     6.0000E-04     3.4634E-04
     4.1400E+01     6.0000E-04     0.0000E+00
     4.1400E+01     2.0000E-04     0.0000E+00
     4.1625E+01     2.0000E-04     1.9998E-04
     4.1850E+01     2.0000E-04     0.0000E+00
     4.1850E+01     4.0000E-04     0.0000E+00
     4.2075E+01     4.0000E-04     2.8281E-04
     4.2300E+01     4.0000E-04     0.0000E+00
     4.2300E+01     6.0000E-04     0.0000E+00
     4.2525E+01     6.0000E-04     3.4634E-04
     4.2750E+01     6.0000E-04     0.0000E+00
     4.2750E+01     6.0000E-04     0.0000E+00
     4.2975E+01     6.0000E-04     3.4634E-04
     4.3200E+01     6.0000E-04     0.0000E+00
     4.3200E+01     4.0000E-04     0.0000E+00
     4.3425E+01     4.0000E-04     2.8281E-04
     4.3650E+01     4.0000E-04     0.0000E+00
     4.3650E+01     2.0000E-14     0.0000E+00
     4.3875E+01     2.0000E-14     0.0000E+00
     4.4100E+01     2.0000E-14     0.0000E+00
     4.4100E+01     4.0000E-04     0.0000E+00
     4.4325E+01     4.0000E-04     2.8281E-04
     4.4550E+01     4.0000E-04     0.0000E+00
     4.4550E+01     2.0000E-04     0.0000E+00
     4.4775E+01     2.0000E-04     1.9998E-04
     4.5000E+01     2.0000E-04     0.0000E+00
     4.5000E+01     2.0000E-04     0.0000E+00
     4.5225E+01     2.0000E-04     1.9998E-04
     4.5450E+01     2.0000E-04     0.0000E+00
     4.5450E+01     6.0000E-04     0.0000E+00
     4.5675E+01     6.0000E-04     3.4634E-04
     4.5900E+01     6.0000E-04     0.0000E+00
     4.5900E+01     6.0000E-04     0.0000E+00
     4.6125E+01     6.0000E-04     3.4634E-04
     4.6350E+01     6.0000E-04     0.0000E+00
     4.6350E+01     6.0000E-04     0.0000E+00
     4.6575E+01     6.0000E-04     3.4634E-04
     4.6800E+01     6.0000E-04     0.0000E+00
     4.6800E+01     2.0000E-14     0.0000E+00
     4.7025E+01     2.0000E-14     0.0000E+00
     4.7250E+01     2.0000E-14     0.0000E+00
     4.7250E+01     2.0000E-14     0.0000E+00
     4.7475E+01     2.0000E-14     0.0000E+00
     4.7700E+01     2.0000E-14     0.0000E+00
     4.7700E+01     2.0000E-04     0.0000E+00
     4.7925E+01     2.0000E-04     1.9998E-04
     4.8150E+01     2.0000E-04     0.0000E+00
     4.8150E+01     2.0000E-04     0.0000E+00
     4.8375E+01     2.0000E-04     1.9998E-04
     4.8600E+01     2.0000E-04     0.0000E+00
     4.8600E+01     4.0000E-04     0.0000E+00
     4.8825E+01     4.0000E-04     2.8281E-04
     4.9050E+01     4.0000E-04     0.0000E+00
     4.9050E+01     2.0000E-04     0.0000E+00
     4.9275E+01     2.0000E-04     1.9998E-04
     4.9500E+01     2.0000E-04     0.0000E+00
     4.9500E+01     2.0000E-14     0.0000E+00
     4.9725E+01     2.0000E-14     0.0000E+00
     4.9950E+01     2.0000E-14     0.0000E+00
     4.9950E+01     6.0000E-04     0.0000E+00
     5.0175E+01     6.0000E-04     3.4634E-04
     5.0400E+01     6.0000E-04     0.0000E+00
     5.0400E+01     6.0000E-04     0.0000E+00
     5.0625E+01     6.0000E-04     3.4634E-04
     5.0850E+01     6.0000E-04     0.0000E+00
     5.0850E+01     2.0000E-04     0.0000E+00
     5.1075E+01     2.0000E-04     1.9998E-04
     5.1300E+01     2.0000E-04     0.0000E+00
     5.1300E+01     2.0000E-14     0.0000E+00
     5.1525E+01     2.0000E-14     0.0000E+00
     5.1750E+01     2.0000E-14     0.0000E+00
     5.1750E+01     2.0000E-14     0.0000E+00
     5.1975E+01     2.0000E-14     0.0000E+00
     5.2200E+01     2.0000E-14     0.0000E+00
     5.2200E+01     2.0000E-14     0.0000E+00
     5.2425E+01     2.0000E-14     0.0000E+00
     5.2650E+01     2.0000E-14     0.0000E+00
     5.2650E+01     2.0000E-04     0.0000E+00
     5.2875E+01     2.0000E-04     1.9998E-04
     5.3100E+01     2.0000E-04     0.0000E+00
     5.3100E+01     6.0000E-04     0.0000E+00
     5.3325E+01     6.0000E-04     3.4634E-04
     5.3550E+01     6.0000E-04     0.0000E+00
     5.3550E+01     2.0000E-04     0.0000E+00
     5.3775E+01     2.0000E-04     1.9998E-04
     5.4000E+01     2.0000E-04     0.0000E+00
     5.4000E+01     2.0000E-04     0.0000E+00
     5.4225E+01     2.0000E-04     1.9998E-04
     5.4450E+01     2.0000E-04     0.0000E+00
     5.4450E+01     4.0000E-04     0.0000E+00
     5.4675E+01     4.0000E-04     2.8281E-04
     5.4900E+01     4.0000E-04     0.0000E+00
     5.4900E+01     2.0000E-04     0.0000E+00
     5.5125E+01     2.0000E-04     1.9998E-04
     5.5350E+01     2.0000E-04     0.0000E+00
     5.5350E+01     4.0000E-04     0.0000E+00
     5.5575E+01     4.0000E-04     2.8281E-04
     5.5800E+01     4.0000E-04     0.0000E+00
     5.5800E+01     8.0000E-04     0.0000E+00
     5.6025E+01     8.0000E-04     3.9988E-04
     5.6250E+01     8.0000E-04     0.0000E+00
     5.6250E+01     2.0000E-04     0.0000E+00
     5.6475E+01     2.0000E-04     1.9998E-04
     5.6700E+01     2.0000E-04     0.0000E+00
     5.6700E+01     2.0000E-14     0.0000E+00
     5.6925E+01     2.0000E-14     0.0000E+00
     5.7150E+01     2.0000E-14     0.0000E+00
     5.7150E+01     2.0000E-04     0.0000E+00
     5.7375E+01     2.0000E-04     1.9998E-04
     5.7600E+01     2.0000E-04     0.0000E+00
     5.7600E+01     2.0000E-04     0.0000E+00
     5.7825E+01     2.0000E-04     1.9998E-04
     5.8050E+01     2.0000E-04     0.0000E+00
     5.8050E+01     2.0000E-04     0.0000E+00
     5.8275E+01     2.0000E-04     1.9998E-04
     5.8500E+01     2.0000E-04     0.0000E+00
     5.8500E+01     2.0000E-04     0.0000E+00
     5.8725E+01     2.0000E-04     1.9998E-04
     5.8950E+01     2.0000E-04     0.0000E+00
     5.8950E+01     2.0000E-04     0.0000E+00
     5.9175E+01     2.0000E-04     1.9998E-04
     5.9400E+01     2.0000E-04     0.0000E+00
     5.9400E+01     4.0000E-04     0.0000E+00
     5.9625E+01     4.0000E-04     2.8281E-04
     5.9850E+01     4.0000E-04     0.0000E+00
     5.9850E+01     2.0000E-14     0.0000E+00
     6.0075E+01     2.0000E-14     0.0000E+00
     6.0300E+01     2.0000E-14     0.0000E+00
     6.0300E+01     2.0000E-14     0.0000E+00
     6.0525E+01     2.0000E-14     0.0000E+00
     6.0750E+01     2.0000E-14     0.0000E+00
     6.0750E+01     2.0000E-04     0.0000E+00
     6.0975E+01     2.0000E-04     1.9998E-04
     6.1200E+01     2.0000E-04     0.0000E+00
     6.1200E+01     2.0000E-14     0.0000E+00
     6.1425E+01     2.0000E-14     0.0000E+00
     6.1650E+01     2.0000E-14     0.0000E+00
     6.1650E+01     4.0000E-04     0.0000E+00
     6.1875E+01     4.0000E-04     2.8281E-04
     6.2100E+01     4.0000E-04     0.0000E+00
     6.2100E+01     2.0000E-04     0.0000E+00
     6.2325E+01     2.0000E-04     1.9998E-04
     6.2550E+01     2.0000E-04     0.0000E+00
     6.2550E+01     2.0000E-14     0.0000E+00
     6.2775E+01     2.0000E-14     0.0000E+00
     6.3000E+01     2.0000E-14     0.0000E+00
     6.3000E+01     2.0000E-14     0.0000E+00
     6.3225E+01     2.0000E-14     0.0000E+00
     6.3450E+01     2.0000E-14     0.0000E+00
     6.3450E+01     2.0000E-14     0.0000E+00
     6.3675E+01     2.0000E-14     0.0000E+00
     6.3900E+01     2.0000E-14     0.0000E+00
     6.3900E+01     2.0000E-14     0.0000E+00
     6.4125E+01     2.0000E-14     0.0000E+00
     6.4350E+01     2.0000E-14     0.0000E+00
     6.4350E+01     2.0000E-14     0.0000E+00
     6.4575E+01     2.0000E-14     0.0000E+00
     6.4800E+01     2.0000E-14     0.0000E+00
     6.4800E+01     2.0000E-14     0.0000E+00
     6.5025E+01     2.0000E-14     0.0000E+00
     6.5250E+01     2.0000E-14     0.0000E+00
     6.5250E+01     4.0000E-04     0.0000E+00
     6.5475E+01     4.0000E-04     2.8281E-04
     6.5700E+01     4.0000E-04     0.0000E+00
     6.5700E+01     4.0000E-04     0.0000E+00
     6.5925E+01     4.0000E-04     2.8281E-04
     6.6150E+01     4.0000E-04     0.0000E+00
     6.6150E+01     2.0000E-14     0.0000E+00
     6.6375E+01     2.0000E-14     0.0000E+00
     6.6600E+01     2.0000E-14     0.0000E+00
     6.6600E+01     2.0000E-14     0.0000E+00
     6.6825E+01     2.0000E-14     0.0000E+00
     6.7050E+01     2.0000E-14     0.0000E+00
     6.7050E+01     2.0000E-14     0.0000E+00
     6.7275E+01     2.0000E-14     0.0000E+00
     6.7500E+01     2.0000E-14     0.0000E+00
     6.7500E+01     2.0000E-14     0.0000E+00
     6.7725E+01     2.0000E-14     0.0000E+00
     6.7950E+01     2.0000E-14     0.0000E+00
     6.7950E+01     2.0000E-14     0.0000E+00
     6.8175E+01     2.0000E-14     0.0000E+00
     6.8400E+01     2.0000E-14     0.0000E+00
     6.8400E+01     2.0000E-14     0.0000E+00
     6.8625E+01     2.0000E-14     0.0000E+00
     6.8850E+01     2.0000E-14     0.0000E+00
     6.8850E+01     2.0000E-04     0.0000E+00
     6.9075E+01     2.0000E-04     1.9998E-04
     6.9300E+01     2.0000E-04     0.0000E+00
     6.9300E+01     2.0000E-04     0.0000E+00
     6.9525E+01     2.0000E-04     1.9998E-04
     6.9750E+01     2.0000E-04     0.0000E+00
     6.9750E+01     2.0000E-14     0.0000E+00
     6.9975E+01     2.0000E-14     0.0000E+00
     7.0200E+01     2.0000E-14     0.0000E+00
     7.0200E+01     2.0000E-14     0.0000E+00
     7.0425E+01     2.0000E-14     0.0000E+00
     7.0650E+01     2.0000E-14     0.0000E+00
     7.0650E+01     2.0000E-14     0.0000E+00
     7.0875E+01     2.0000E-14     0.0000E+00
     7.1100E+01     2.0000E-14     0.0000E+00
     7.1100E+01     2.0000E-14     0.0000E+00
     7.1325E+01     2.0000E-14     0.0000E+00
     7.1550E+01     2.0000E-14     0.0000E+00
     7.1550E+01     2.0000E-04     0.0000E+00
     7.1775E+01     2.0000E-04     1.9998E-04
     7.2000E+01     2.0000E-04     0.0000E+00
     7.2000E+01     2.0000E-14     0.0000E+00
     7.2225E+01     2.0000E-14     0.0000E+00
     7.2450E+01     2.0000E-14     0.0000E+00
     7.2450E+01     2.0000E-14     0.0000E+00
     7.2675E+01     2.0000E-14     0.0000E+00
     7.2900E+01     2.0000E-14     0.0000E+00
     7.2900E+01     2.0000E-14     0.0000E+00
     7.3125E+01     2.0000E-14     0.0000E+00
     7.3350E+01     2.0000E-14     0.0000E+00
     7.3350E+01     2.0000E-04     0.0000E+00
     7.3575E+01     2.0000E-04     1.9998E-04
     7.3800E+01     2.0000E-04     0.0000E+00
     7.3800E+01     2.0000E-14     0.0000E+00
     7.4025E+01     2.0000E-14     0.0000E+00
     7.4250E+01     2.0000E-14     0.0000E+00
     7.4250E+01     2.0000E-14     0.0000E+00
     7.4475E+01     2.0000E-14     0.0000E+00
     7.4700E+01     2.0000E-14     0.0000E+00
     7.4700E+01     2.0000E-14     0.0000E+00
     7.4925E+01     2.0000E-14     0.0000E+00
     7.5150E+01     2.0000E-14     0.0000E+00
     7.5150E+01     2.0000E-14     0.0000E+00
     7.5375E+01     2.0000E-14     0.0000E+00
     7.5600E+01     2.0000E-14     0.0000E+00
     7.5600E+01     2.0000E-14     0.0000E+00
     7.5825E+01     2.0000E-14     0.0000E+00
     7.6050E+01     2.0000E-14     0.0000E+00
     7.6050E+01     2.0000E-14     0.0000E+00
     7.6275E+01     2.0000E-14     0.0000E+00
     7.6500E+01     2.0000E-14     0.0000E+00
     7.6500E+01     2.0000E-14     0.0000E+00
     7.6725E+01     2.0000E-14     0.0000E+00
     7.6950E+01     2.0000E-14     0.0000E+00
     7.6950E+01     2.0000E-14     0.0000E+00
     7.7175E+01     2.0000E-14     0.0000E+00
     7.7400E+01     2.0000E-14     0.0000E+00
     7.7400E+01     2.0000E-14     0.0000E+00
     7.7625E+01     2.0000E-14     0.0000E+00
     7.7850E+01     2.0000E-14     0.0000E+00
     7.7850E+01     2.0000E-14     0.0000E+00
     7.8075E+01     2.0000E-14     0.0000E+00
     7.8300E+01     2.0000E-14     0.0000E+00
     7.8300E+01     2.0000E-14     0.0000E+00
     7.8525E+01     2.0000E-14     0.0000E+00
     7.8750E+01     2.0000E-14     0.0000E+00
     7.8750E+01     2.0000E-14     0.0000E+00
     7.8975E+01     2.0000E-14     0.0000E+00
     7.9200E+01     2.0000E-14     0.0000E+00
     7.9200E+01     2.0000E-14     0.0000E+00
     7.9425E+01     2.0000E-14     0.0000E+00
     7.9650E+01     2.0000E-14     0.0000E+00
     7.9650E+01     2.0000E-14     0.0000E+00
     7.9875E+01     2.0000E-14     0.0000E+00
     8.0100E+01     2.0000E-14     0.0000E+00
     8.0100E+01     2.0000E-14     0.0000E+00
     8.0325E+01     2.0000E-14     0.0000E+00
     8.0550E+01     2.0000E-14     0.0000E+00
     8.0550E+01     2.0000E-14     0.0000E+00
     8.0775E+01     2.0000E-14     0.0000E+00
     8.1000E+01     2.0000E-14     0.0000E+00
     8.1000E+01     2.0000E-14     0.0000E+00
     8.1225E+01     2.0000E-14     0.0000E+00
     8.1450E+01     2.0000E-14     0.0000E+00
     8.1450E+01     2.0000E-14     0.0000E+00
     8.1675E+01     2.0000E-14     0.0000E+00
     8.1900E+01     2.0000E-14     0.0000E+00
     8.1900E+01     2.0000E-14     0.0000E+00
     8.2125E+01     2.0000E-14     0.0000E+00
     8.2350E+01     2.0000E-14     0.0000E+00
     8.2350E+01     2.0000E-14     0.0000E+00
     8.2575E+01     2.0000E-14     0.0000E+00
     8.2800E+01     2.0000E-14     0.0000E+00
     8.2800E+01     2.0000E-14     0.0000E+00
     8.3025E+01     2.0000E-14     0.0000E+00
     8.3250E+01     2.0000E-14     0.0000E+00
     8.3250E+01     2.0000E-14     0.0000E+00
     8.3475E+01     2.0000E-14     0.0000E+00
     8.3700E+01     2.0000E-14     0.0000E+00
     8.3700E+01     2.0000E-14     0.0000E+00
     8.3925E+01     2.0000E-14     0.0000E+00
     8.4150E+01     2.0000E-14     0.0000E+00
     8.4150E+01     2.0000E-14     0.0000E+00
     8.4375E+01     2.0000E-14     0.0000E+00
     8.4600E+01     2.0000E-14     0.0000E+00
     8.4600E+01     2.0000E-14     0.0000E+00
     8.4825E+01     2.0000E-14     0.0000E+00
     8.5050E+01     2.0000E-14     0.0000E+00
     8.5050E+01     2.0000E-14     0.0000E+00
     8.5275E+01     2.0000E-14     0.0000E+00
     8.5500E+01     2.0000E-14     0.0000E+00
     8.5500E+01     2.0000E-14     0.0000E+00
     8.5725E+01     2.0000E-14     0.0000E+00
     8.5950E+01     2.0000E-14     0.0000E+00
     8.5950E+01     2.0000E-14     0.0000E+00
     8.6175E+01     2.0000E-14     0.0000E+00
     8.6400E+01     2.0000E-14     0.0000E+00
     8.6400E+01     2.0000E-14     0.0000E+00
     8.6625E+01     2.0000E-14     0.0000E+00
     8.6850E+01     2.0000E-14     0.0000E+00
     8.6850E+01     2.0000E-14     0.0000E+00
     8.7075E+01     2.0000E-14     0.0000E+00
     8.7300E+01     2.0000E-14     0.0000E+00
     8.7300E+01     2.0000E-14     0.0000E+00
     8.7525E+01     2.0000E-14     0.0000E+00
     8.7750E+01     2.0000E-14     0.0000E+00
     8.7750E+01     2.0000E-14     0.0000E+00
     8.7975E+01     2.0000E-14     0.0000E+00
     8.8200E+01     2.0000E-14     0.0000E+00
     8.8200E+01     2.0000E-14     0.0000E+00
     8.8425E+01     2.0000E-14     0.0000E+00
     8.8650E+01     2.0000E-14     0.0000E+00
     8.8650E+01     2.0000E-14     0.0000E+00
     8.8875E+01     2.0000E-14     0.0000E+00
     8.9100E+01     2.0000E-14     0.0000E+00
     8.9100E+01     2.0000E-14     0.0000E+00
     8.9325E+01     2.0000E-14     0.0000E+00
     8.9550E+01     2.0000E-14     0.0000E+00
     8.9550E+01     2.0000E-14     0.0000E+00
     8.9775E+01     2.0000E-14     0.0000E+00
     9.0000E+01     2.0000E-14     0.0000E+00
     9.0000E+01     2.0000E-19     0.0000E+00
&
