@g0 type xy 
@    title "angular distribution"
@    subtitle "/home/miia/EGSnrc/egs_home/BEAM_EX10MeVe/EX10MeVe1.egsphsp1"
@    legend on
@    legend box linestyle 0
@    legend x1 0.6
@    legend y1 0.75
@    view xmin 0.250000
@    xaxis  label "angle /degree"
@    timestamp on
@    yaxis  label "particles/unit solid angle/incident particle"
@    s0 on
@    legend string  0 "IQ =2  NO LATCH CHECK"
@    s0 errorbar length 0.000000
@    s0 symbol color 1
@TYPE xydy
     4.5000E-11     4.2253E-18     0.0000E+00
     4.5000E-11     4.1282E+00     0.0000E+00
     2.2500E-01     4.1282E+00     2.0635E+00
     4.5000E-01     4.1282E+00     0.0000E+00
     4.5000E-01     4.1283E+00     0.0000E+00
     6.7500E-01     4.1283E+00     1.1904E+00
     9.0000E-01     4.1283E+00     0.0000E+00
     9.0000E-01     3.5092E+00     0.0000E+00
     1.1250E+00     3.5092E+00     8.4974E-01
     1.3500E+00     3.5092E+00     0.0000E+00
     1.3500E+00     3.2440E+00     0.0000E+00
     1.5750E+00     3.2440E+00     6.9017E-01
     1.8000E+00     3.2440E+00     0.0000E+00
     1.8000E+00     3.3262E+00     0.0000E+00
     2.0250E+00     3.3262E+00     6.1592E-01
     2.2500E+00     3.3262E+00     0.0000E+00
     2.2500E+00     2.7217E+00     0.0000E+00
     2.4750E+00     2.7217E+00     5.2118E-01
     2.7000E+00     2.7217E+00     0.0000E+00
     2.7000E+00     2.7004E+00     0.0000E+00
     2.9250E+00     2.7004E+00     4.6158E-01
     3.1500E+00     2.7004E+00     0.0000E+00
     3.1500E+00     2.4784E+00     0.0000E+00
     3.3750E+00     2.4784E+00     4.1161E-01
     3.6000E+00     2.4784E+00     0.0000E+00
     3.6000E+00     2.0049E+00     0.0000E+00
     3.8250E+00     2.0049E+00     3.4789E-01
     4.0500E+00     2.0049E+00     0.0000E+00
     4.0500E+00     7.6116E-01     0.0000E+00
     4.2750E+00     7.6116E-01     2.0316E-01
     4.5000E+00     7.6116E-01     0.0000E+00
     4.5000E+00     1.0332E+00     0.0000E+00
     4.7250E+00     1.0332E+00     2.2502E-01
     4.9500E+00     1.0332E+00     0.0000E+00
     4.9500E+00     8.0879E-01     0.0000E+00
     5.1750E+00     8.0879E-01     1.9031E-01
     5.4000E+00     8.0879E-01     0.0000E+00
     5.4000E+00     8.6832E-01     0.0000E+00
     5.6250E+00     8.6832E-01     1.8910E-01
     5.8500E+00     8.6832E-01     0.0000E+00
     5.8500E+00     9.1910E-01     0.0000E+00
     6.0750E+00     9.1910E-01     1.9486E-01
     6.3000E+00     9.1910E-01     0.0000E+00
     6.3000E+00     4.6364E-01     0.0000E+00
     6.5250E+00     4.6364E-01     1.2844E-01
     6.7500E+00     4.6364E-01     0.0000E+00
     6.7500E+00     4.3387E-01     0.0000E+00
     6.9750E+00     4.3387E-01     1.2019E-01
     7.2000E+00     4.3387E-01     0.0000E+00
     7.2000E+00     2.5090E-01     0.0000E+00
     7.4250E+00     2.5090E-01     8.8643E-02
     7.6500E+00     2.5090E-01     0.0000E+00
     7.6500E+00     2.6622E-01     0.0000E+00
     7.8750E+00     2.6622E-01     8.8669E-02
     8.1000E+00     2.6622E-01     0.0000E+00
     8.1000E+00     2.5192E-01     0.0000E+00
     8.3250E+00     2.5192E-01     8.3908E-02
     8.5500E+00     2.5192E-01     0.0000E+00
     8.5500E+00     1.8597E-01     0.0000E+00
     8.7750E+00     1.8597E-01     7.0246E-02
     9.0000E+00     1.8597E-01     0.0000E+00
     9.0000E+00     1.0112E-01     0.0000E+00
     9.2250E+00     1.0112E-01     5.0547E-02
     9.4500E+00     1.0112E-01     0.0000E+00
     9.4500E+00     9.6462E-02     0.0000E+00
     9.6750E+00     9.6462E-02     4.8217E-02
     9.9000E+00     9.6462E-02     0.0000E+00
     9.9000E+00     2.3054E-02     0.0000E+00
     1.0125E+01     2.3054E-02     2.3052E-02
     1.0350E+01     2.3054E-02     0.0000E+00
     1.0350E+01     1.1042E-01     0.0000E+00
     1.0575E+01     1.1042E-01     4.9361E-02
     1.0800E+01     1.1042E-01     0.0000E+00
     1.0800E+01     1.2716E-01     0.0000E+00
     1.1025E+01     1.2716E-01     5.1885E-02
     1.1250E+01     1.2716E-01     0.0000E+00
     1.1250E+01     1.0186E-01     0.0000E+00
     1.1475E+01     1.0186E-01     4.5535E-02
     1.1700E+01     1.0186E-01     0.0000E+00
     1.1700E+01     3.9228E-02     0.0000E+00
     1.1925E+01     3.9228E-02     2.7736E-02
     1.2150E+01     3.9228E-02     0.0000E+00
     1.2150E+01     1.1347E-01     0.0000E+00
     1.2375E+01     1.1347E-01     4.6300E-02
     1.2600E+01     1.1347E-01     0.0000E+00
     1.2600E+01     5.4775E-02     0.0000E+00
     1.2825E+01     5.4775E-02     3.1618E-02
     1.3050E+01     5.4775E-02     0.0000E+00
     1.3050E+01     1.7650E-02     0.0000E+00
     1.3275E+01     1.7650E-02     1.7648E-02
     1.3500E+01     1.7650E-02     0.0000E+00
     1.3500E+01     3.4163E-02     0.0000E+00
     1.3725E+01     3.4163E-02     2.4155E-02
     1.3950E+01     3.4163E-02     0.0000E+00
     1.3950E+01     1.6550E-02     0.0000E+00
     1.4175E+01     1.6550E-02     1.6548E-02
     1.4400E+01     1.6550E-02     0.0000E+00
     1.4400E+01     1.6051E-02     0.0000E+00
     1.4625E+01     1.6051E-02     1.6050E-02
     1.4850E+01     1.6051E-02     0.0000E+00
     1.4850E+01     3.1166E-02     0.0000E+00
     1.5075E+01     3.1166E-02     2.2035E-02
     1.5300E+01     3.1166E-02     0.0000E+00
     1.5300E+01     4.5426E-02     0.0000E+00
     1.5525E+01     4.5426E-02     2.6221E-02
     1.5750E+01     4.5426E-02     0.0000E+00
     1.5750E+01     7.3630E-02     0.0000E+00
     1.5975E+01     7.3630E-02     3.2915E-02
     1.6200E+01     7.3630E-02     0.0000E+00
     1.6200E+01     7.1666E-02     0.0000E+00
     1.6425E+01     7.1666E-02     3.2037E-02
     1.6650E+01     7.1666E-02     0.0000E+00
     1.6650E+01     1.2565E-01     0.0000E+00
     1.6875E+01     1.2565E-01     4.1851E-02
     1.7100E+01     1.2565E-01     0.0000E+00
     1.7100E+01     8.1658E-02     0.0000E+00
     1.7325E+01     8.1658E-02     3.3320E-02
     1.7550E+01     8.1658E-02     0.0000E+00
     1.7550E+01     2.6552E-02     0.0000E+00
     1.7775E+01     2.6552E-02     1.8773E-02
     1.8000E+01     2.6552E-02     0.0000E+00
     1.8000E+01     2.5918E-02     0.0000E+00
     1.8225E+01     2.5918E-02     1.8325E-02
     1.8450E+01     2.5918E-02     0.0000E+00
     1.8450E+01     5.0629E-02     0.0000E+00
     1.8675E+01     5.0629E-02     2.5307E-02
     1.8900E+01     5.0629E-02     0.0000E+00
     1.8900E+01     3.7111E-02     0.0000E+00
     1.9125E+01     3.7111E-02     2.1422E-02
     1.9350E+01     3.7111E-02     0.0000E+00
     1.9350E+01     4.8386E-02     0.0000E+00
     1.9575E+01     4.8386E-02     2.4186E-02
     1.9800E+01     4.8386E-02     0.0000E+00
     1.9800E+01     5.9178E-02     0.0000E+00
     2.0025E+01     5.9178E-02     2.6454E-02
     2.0250E+01     5.9178E-02     0.0000E+00
     2.0250E+01     1.1586E-02     0.0000E+00
     2.0475E+01     1.1586E-02     1.1585E-02
     2.0700E+01     1.1586E-02     0.0000E+00
     2.0700E+01     1.1348E-02     0.0000E+00
     2.0925E+01     1.1348E-02     1.1347E-02
     2.1150E+01     1.1348E-02     0.0000E+00
     2.1150E+01     4.2253E-13     0.0000E+00
     2.1375E+01     4.2253E-13     0.0000E+00
     2.1600E+01     4.2253E-13     0.0000E+00
     2.1600E+01     2.1803E-02     0.0000E+00
     2.1825E+01     2.1803E-02     1.5415E-02
     2.2050E+01     2.1803E-02     0.0000E+00
     2.2050E+01     2.1384E-02     0.0000E+00
     2.2275E+01     2.1384E-02     1.5119E-02
     2.2500E+01     2.1384E-02     0.0000E+00
     2.2500E+01     3.1474E-02     0.0000E+00
     2.2725E+01     3.1474E-02     1.8168E-02
     2.2950E+01     3.1474E-02     0.0000E+00
     2.2950E+01     4.1194E-02     0.0000E+00
     2.3175E+01     4.1194E-02     2.0591E-02
     2.3400E+01     4.1194E-02     0.0000E+00
     2.3400E+01     3.0340E-02     0.0000E+00
     2.3625E+01     3.0340E-02     1.7513E-02
     2.3850E+01     3.0340E-02     0.0000E+00
     2.3850E+01     5.9611E-02     0.0000E+00
     2.4075E+01     5.9611E-02     2.4324E-02
     2.4300E+01     5.9611E-02     0.0000E+00
     2.4300E+01     3.9055E-02     0.0000E+00
     2.4525E+01     3.9055E-02     1.9522E-02
     2.4750E+01     3.9055E-02     0.0000E+00
     2.4750E+01     1.9198E-02     0.0000E+00
     2.4975E+01     1.9198E-02     1.3573E-02
     2.5200E+01     1.9198E-02     0.0000E+00
     2.5200E+01     5.6640E-02     0.0000E+00
     2.5425E+01     5.6640E-02     2.3111E-02
     2.5650E+01     5.6640E-02     0.0000E+00
     2.5650E+01     1.8574E-02     0.0000E+00
     2.5875E+01     1.8574E-02     1.3132E-02
     2.6100E+01     1.8574E-02     0.0000E+00
     2.6100E+01     2.7417E-02     0.0000E+00
     2.6325E+01     2.7417E-02     1.5826E-02
     2.6550E+01     2.7417E-02     0.0000E+00
     2.6550E+01     2.6990E-02     0.0000E+00
     2.6775E+01     2.6990E-02     1.5579E-02
     2.7000E+01     2.6990E-02     0.0000E+00
     2.7000E+01     2.6577E-02     0.0000E+00
     2.7225E+01     2.6577E-02     1.5341E-02
     2.7450E+01     2.6577E-02     0.0000E+00
     2.7450E+01     1.7452E-02     0.0000E+00
     2.7675E+01     1.7452E-02     1.2339E-02
     2.7900E+01     1.7452E-02     0.0000E+00
     2.7900E+01     3.4390E-02     0.0000E+00
     2.8125E+01     3.4390E-02     1.7190E-02
     2.8350E+01     3.4390E-02     0.0000E+00
     2.8350E+01     8.4733E-03     0.0000E+00
     2.8575E+01     8.4733E-03     8.4724E-03
     2.8800E+01     8.4733E-03     0.0000E+00
     2.8800E+01     1.6706E-02     0.0000E+00
     2.9025E+01     1.6706E-02     1.1812E-02
     2.9250E+01     1.6706E-02     0.0000E+00
     2.9250E+01     4.2253E-13     0.0000E+00
     2.9475E+01     4.2253E-13     0.0000E+00
     2.9700E+01     4.2253E-13     0.0000E+00
     2.9700E+01     1.6248E-02     0.0000E+00
     2.9925E+01     1.6248E-02     1.1488E-02
     3.0150E+01     1.6248E-02     0.0000E+00
     3.0150E+01     2.4045E-02     0.0000E+00
     3.0375E+01     2.4045E-02     1.3880E-02
     3.0600E+01     2.4045E-02     0.0000E+00
     3.0600E+01     7.9093E-03     0.0000E+00
     3.0825E+01     7.9093E-03     7.9085E-03
     3.1050E+01     7.9093E-03     0.0000E+00
     3.1050E+01     1.5614E-02     0.0000E+00
     3.1275E+01     1.5614E-02     1.1039E-02
     3.1500E+01     1.5614E-02     0.0000E+00
     3.1500E+01     3.8537E-02     0.0000E+00
     3.1725E+01     3.8537E-02     1.7227E-02
     3.1950E+01     3.8537E-02     0.0000E+00
     3.1950E+01     1.5222E-02     0.0000E+00
     3.2175E+01     1.5222E-02     1.0762E-02
     3.2400E+01     1.5222E-02     0.0000E+00
     3.2400E+01     3.0069E-02     0.0000E+00
     3.2625E+01     3.0069E-02     1.5030E-02
     3.2850E+01     3.0069E-02     0.0000E+00
     3.2850E+01     4.2253E-13     0.0000E+00
     3.3075E+01     4.2253E-13     0.0000E+00
     3.3300E+01     4.2253E-13     0.0000E+00
     3.3300E+01     2.2014E-02     0.0000E+00
     3.3525E+01     2.2014E-02     1.2707E-02
     3.3750E+01     2.2014E-02     0.0000E+00
     3.3750E+01     7.2524E-03     0.0000E+00
     3.3975E+01     7.2524E-03     7.2516E-03
     3.4200E+01     7.2524E-03     0.0000E+00
     3.4200E+01     7.1690E-03     0.0000E+00
     3.4425E+01     7.1690E-03     7.1683E-03
     3.4650E+01     7.1690E-03     0.0000E+00
     3.4650E+01     3.5440E-02     0.0000E+00
     3.4875E+01     3.5440E-02     1.5843E-02
     3.5100E+01     3.5440E-02     0.0000E+00
     3.5100E+01     2.8037E-02     0.0000E+00
     3.5325E+01     2.8037E-02     1.4014E-02
     3.5550E+01     2.8037E-02     0.0000E+00
     3.5550E+01     1.3865E-02     0.0000E+00
     3.5775E+01     1.3865E-02     9.8033E-03
     3.6000E+01     1.3865E-02     0.0000E+00
     3.6000E+01     6.8581E-03     0.0000E+00
     3.6225E+01     6.8581E-03     6.8574E-03
     3.6450E+01     6.8581E-03     0.0000E+00
     3.6450E+01     6.7856E-03     0.0000E+00
     3.6675E+01     6.7856E-03     6.7849E-03
     3.6900E+01     6.7856E-03     0.0000E+00
     3.6900E+01     4.2253E-13     0.0000E+00
     3.7125E+01     4.2253E-13     0.0000E+00
     3.7350E+01     4.2253E-13     0.0000E+00
     3.7350E+01     2.6585E-02     0.0000E+00
     3.7575E+01     2.6585E-02     1.3288E-02
     3.7800E+01     2.6585E-02     0.0000E+00
     3.7800E+01     4.2253E-13     0.0000E+00
     3.8025E+01     4.2253E-13     0.0000E+00
     3.8250E+01     4.2253E-13     0.0000E+00
     3.8250E+01     1.9542E-02     0.0000E+00
     3.8475E+01     1.9542E-02     1.1280E-02
     3.8700E+01     1.9542E-02     0.0000E+00
     3.8700E+01     1.9351E-02     0.0000E+00
     3.8925E+01     1.9351E-02     1.1170E-02
     3.9150E+01     1.9351E-02     0.0000E+00
     3.9150E+01     1.9166E-02     0.0000E+00
     3.9375E+01     1.9166E-02     1.1063E-02
     3.9600E+01     1.9166E-02     0.0000E+00
     3.9600E+01     6.3282E-03     0.0000E+00
     3.9825E+01     6.3282E-03     6.3275E-03
     4.0050E+01     6.3282E-03     0.0000E+00
     4.0050E+01     6.2693E-03     0.0000E+00
     4.0275E+01     6.2693E-03     6.2687E-03
     4.0500E+01     6.2693E-03     0.0000E+00
     4.0500E+01     6.2119E-03     0.0000E+00
     4.0725E+01     6.2119E-03     6.2113E-03
     4.0950E+01     6.2119E-03     0.0000E+00
     4.0950E+01     1.8468E-02     0.0000E+00
     4.1175E+01     1.8468E-02     1.0660E-02
     4.1400E+01     1.8468E-02     0.0000E+00
     4.1400E+01     6.1014E-03     0.0000E+00
     4.1625E+01     6.1014E-03     6.1008E-03
     4.1850E+01     6.1014E-03     0.0000E+00
     4.1850E+01     1.2096E-02     0.0000E+00
     4.2075E+01     1.2096E-02     8.5524E-03
     4.2300E+01     1.2096E-02     0.0000E+00
     4.2300E+01     1.7988E-02     0.0000E+00
     4.2525E+01     1.7988E-02     1.0384E-02
     4.2750E+01     1.7988E-02     0.0000E+00
     4.2750E+01     1.7836E-02     0.0000E+00
     4.2975E+01     1.7836E-02     1.0296E-02
     4.3200E+01     1.7836E-02     0.0000E+00
     4.3200E+01     1.1792E-02     0.0000E+00
     4.3425E+01     1.1792E-02     8.3372E-03
     4.3650E+01     1.1792E-02     0.0000E+00
     4.3650E+01     4.2253E-13     0.0000E+00
     4.3875E+01     4.2253E-13     0.0000E+00
     4.4100E+01     4.2253E-13     0.0000E+00
     4.4100E+01     1.1601E-02     0.0000E+00
     4.4325E+01     1.1601E-02     8.2021E-03
     4.4550E+01     1.1601E-02     0.0000E+00
     4.4550E+01     5.7542E-03     0.0000E+00
     4.4775E+01     5.7542E-03     5.7537E-03
     4.5000E+01     5.7542E-03     0.0000E+00
     4.5000E+01     5.7092E-03     0.0000E+00
     4.5225E+01     5.7092E-03     5.7086E-03
     4.5450E+01     5.7092E-03     0.0000E+00
     4.5450E+01     1.6996E-02     0.0000E+00
     4.5675E+01     1.6996E-02     9.8105E-03
     4.5900E+01     1.6996E-02     0.0000E+00
     4.5900E+01     1.6867E-02     0.0000E+00
     4.6125E+01     1.6867E-02     9.7361E-03
     4.6350E+01     1.6867E-02     0.0000E+00
     4.6350E+01     1.6741E-02     0.0000E+00
     4.6575E+01     1.6741E-02     9.6635E-03
     4.6800E+01     1.6741E-02     0.0000E+00
     4.6800E+01     4.2253E-13     0.0000E+00
     4.7025E+01     4.2253E-13     0.0000E+00
     4.7250E+01     4.2253E-13     0.0000E+00
     4.7250E+01     4.2253E-13     0.0000E+00
     4.7475E+01     4.2253E-13     0.0000E+00
     4.7700E+01     4.2253E-13     0.0000E+00
     4.7700E+01     5.4601E-03     0.0000E+00
     4.7925E+01     5.4601E-03     5.4595E-03
     4.8150E+01     5.4601E-03     0.0000E+00
     4.8150E+01     5.4218E-03     0.0000E+00
     4.8375E+01     5.4218E-03     5.4213E-03
     4.8600E+01     5.4218E-03     0.0000E+00
     4.8600E+01     1.0769E-02     0.0000E+00
     4.8825E+01     1.0769E-02     7.6139E-03
     4.9050E+01     1.0769E-02     0.0000E+00
     4.9050E+01     5.3478E-03     0.0000E+00
     4.9275E+01     5.3478E-03     5.3473E-03
     4.9500E+01     5.3478E-03     0.0000E+00
     4.9500E+01     4.2253E-13     0.0000E+00
     4.9725E+01     4.2253E-13     0.0000E+00
     4.9950E+01     4.2253E-13     0.0000E+00
     4.9950E+01     1.5831E-02     0.0000E+00
     5.0175E+01     1.5831E-02     9.1384E-03
     5.0400E+01     1.5831E-02     0.0000E+00
     5.0400E+01     1.5729E-02     0.0000E+00
     5.0625E+01     1.5729E-02     9.0792E-03
     5.0850E+01     1.5729E-02     0.0000E+00
     5.0850E+01     5.2095E-03     0.0000E+00
     5.1075E+01     5.2095E-03     5.2090E-03
     5.1300E+01     5.2095E-03     0.0000E+00
     5.1300E+01     4.2253E-13     0.0000E+00
     5.1525E+01     4.2253E-13     0.0000E+00
     5.1750E+01     4.2253E-13     0.0000E+00
     5.1750E+01     4.2253E-13     0.0000E+00
     5.1975E+01     4.2253E-13     0.0000E+00
     5.2200E+01     4.2253E-13     0.0000E+00
     5.2200E+01     4.2253E-13     0.0000E+00
     5.2425E+01     4.2253E-13     0.0000E+00
     5.2650E+01     4.2253E-13     0.0000E+00
     5.2650E+01     5.0831E-03     0.0000E+00
     5.2875E+01     5.0831E-03     5.0826E-03
     5.3100E+01     5.0831E-03     0.0000E+00
     5.3100E+01     1.5160E-02     0.0000E+00
     5.3325E+01     1.5160E-02     8.7506E-03
     5.3550E+01     1.5160E-02     0.0000E+00
     5.3550E+01     5.0240E-03     0.0000E+00
     5.3775E+01     5.0240E-03     5.0235E-03
     5.4000E+01     5.0240E-03     0.0000E+00
     5.4000E+01     4.9954E-03     0.0000E+00
     5.4225E+01     4.9954E-03     4.9949E-03
     5.4450E+01     4.9954E-03     0.0000E+00
     5.4450E+01     9.9348E-03     0.0000E+00
     5.4675E+01     9.9348E-03     7.0243E-03
     5.4900E+01     9.9348E-03     0.0000E+00
     5.4900E+01     4.9401E-03     0.0000E+00
     5.5125E+01     4.9401E-03     4.9396E-03
     5.5350E+01     4.9401E-03     0.0000E+00
     5.5350E+01     9.8267E-03     0.0000E+00
     5.5575E+01     9.8267E-03     6.9478E-03
     5.5800E+01     9.8267E-03     0.0000E+00
     5.5800E+01     1.9549E-02     0.0000E+00
     5.6025E+01     1.9549E-02     9.7714E-03
     5.6250E+01     1.9549E-02     0.0000E+00
     5.6250E+01     4.8616E-03     0.0000E+00
     5.6475E+01     4.8616E-03     4.8611E-03
     5.6700E+01     4.8616E-03     0.0000E+00
     5.6700E+01     4.2253E-13     0.0000E+00
     5.6925E+01     4.2253E-13     0.0000E+00
     5.7150E+01     4.2253E-13     0.0000E+00
     5.7150E+01     4.8121E-03     0.0000E+00
     5.7375E+01     4.8121E-03     4.8116E-03
     5.7600E+01     4.8121E-03     0.0000E+00
     5.7600E+01     4.7882E-03     0.0000E+00
     5.7825E+01     4.7882E-03     4.7877E-03
     5.8050E+01     4.7882E-03     0.0000E+00
     5.8050E+01     4.7648E-03     0.0000E+00
     5.8275E+01     4.7648E-03     4.7643E-03
     5.8500E+01     4.7648E-03     0.0000E+00
     5.8500E+01     4.7419E-03     0.0000E+00
     5.8725E+01     4.7419E-03     4.7414E-03
     5.8950E+01     4.7419E-03     0.0000E+00
     5.8950E+01     4.7195E-03     0.0000E+00
     5.9175E+01     4.7195E-03     4.7191E-03
     5.9400E+01     4.7195E-03     0.0000E+00
     5.9400E+01     9.3954E-03     0.0000E+00
     5.9625E+01     9.3954E-03     6.6429E-03
     5.9850E+01     9.3954E-03     0.0000E+00
     5.9850E+01     4.2253E-13     0.0000E+00
     6.0075E+01     4.2253E-13     0.0000E+00
     6.0300E+01     4.2253E-13     0.0000E+00
     6.0300E+01     4.2253E-13     0.0000E+00
     6.0525E+01     4.2253E-13     0.0000E+00
     6.0750E+01     4.2253E-13     0.0000E+00
     6.0750E+01     4.6350E-03     0.0000E+00
     6.0975E+01     4.6350E-03     4.6345E-03
     6.1200E+01     4.6350E-03     0.0000E+00
     6.1200E+01     4.2253E-13     0.0000E+00
     6.1425E+01     4.2253E-13     0.0000E+00
     6.1650E+01     4.2253E-13     0.0000E+00
     6.1650E+01     9.1910E-03     0.0000E+00
     6.1875E+01     9.1910E-03     6.4983E-03
     6.2100E+01     9.1910E-03     0.0000E+00
     6.2100E+01     4.5764E-03     0.0000E+00
     6.2325E+01     4.5764E-03     4.5759E-03
     6.2550E+01     4.5764E-03     0.0000E+00
     6.2550E+01     4.2253E-13     0.0000E+00
     6.2775E+01     4.2253E-13     0.0000E+00
     6.3000E+01     4.2253E-13     0.0000E+00
     6.3000E+01     4.2253E-13     0.0000E+00
     6.3225E+01     4.2253E-13     0.0000E+00
     6.3450E+01     4.2253E-13     0.0000E+00
     6.3450E+01     4.2253E-13     0.0000E+00
     6.3675E+01     4.2253E-13     0.0000E+00
     6.3900E+01     4.2253E-13     0.0000E+00
     6.3900E+01     4.2253E-13     0.0000E+00
     6.4125E+01     4.2253E-13     0.0000E+00
     6.4350E+01     4.2253E-13     0.0000E+00
     6.4350E+01     4.2253E-13     0.0000E+00
     6.4575E+01     4.2253E-13     0.0000E+00
     6.4800E+01     4.2253E-13     0.0000E+00
     6.4800E+01     4.2253E-13     0.0000E+00
     6.5025E+01     4.2253E-13     0.0000E+00
     6.5250E+01     4.2253E-13     0.0000E+00
     6.5250E+01     8.9095E-03     0.0000E+00
     6.5475E+01     8.9095E-03     6.2993E-03
     6.5700E+01     8.9095E-03     0.0000E+00
     6.5700E+01     8.8780E-03     0.0000E+00
     6.5925E+01     8.8780E-03     6.2770E-03
     6.6150E+01     8.8780E-03     0.0000E+00
     6.6150E+01     4.2253E-13     0.0000E+00
     6.6375E+01     4.2253E-13     0.0000E+00
     6.6600E+01     4.2253E-13     0.0000E+00
     6.6600E+01     4.2253E-13     0.0000E+00
     6.6825E+01     4.2253E-13     0.0000E+00
     6.7050E+01     4.2253E-13     0.0000E+00
     6.7050E+01     4.2253E-13     0.0000E+00
     6.7275E+01     4.2253E-13     0.0000E+00
     6.7500E+01     4.2253E-13     0.0000E+00
     6.7500E+01     4.2253E-13     0.0000E+00
     6.7725E+01     4.2253E-13     0.0000E+00
     6.7950E+01     4.2253E-13     0.0000E+00
     6.7950E+01     4.2253E-13     0.0000E+00
     6.8175E+01     4.2253E-13     0.0000E+00
     6.8400E+01     4.2253E-13     0.0000E+00
     6.8400E+01     4.2253E-13     0.0000E+00
     6.8625E+01     4.2253E-13     0.0000E+00
     6.8850E+01     4.2253E-13     0.0000E+00
     6.8850E+01     4.3390E-03     0.0000E+00
     6.9075E+01     4.3390E-03     4.3386E-03
     6.9300E+01     4.3390E-03     0.0000E+00
     6.9300E+01     4.3262E-03     0.0000E+00
     6.9525E+01     4.3262E-03     4.3257E-03
     6.9750E+01     4.3262E-03     0.0000E+00
     6.9750E+01     4.2253E-13     0.0000E+00
     6.9975E+01     4.2253E-13     0.0000E+00
     7.0200E+01     4.2253E-13     0.0000E+00
     7.0200E+01     4.2253E-13     0.0000E+00
     7.0425E+01     4.2253E-13     0.0000E+00
     7.0650E+01     4.2253E-13     0.0000E+00
     7.0650E+01     4.2253E-13     0.0000E+00
     7.0875E+01     4.2253E-13     0.0000E+00
     7.1100E+01     4.2253E-13     0.0000E+00
     7.1100E+01     4.2253E-13     0.0000E+00
     7.1325E+01     4.2253E-13     0.0000E+00
     7.1550E+01     4.2253E-13     0.0000E+00
     7.1550E+01     4.2669E-03     0.0000E+00
     7.1775E+01     4.2669E-03     4.2665E-03
     7.2000E+01     4.2669E-03     0.0000E+00
     7.2000E+01     4.2253E-13     0.0000E+00
     7.2225E+01     4.2253E-13     0.0000E+00
     7.2450E+01     4.2253E-13     0.0000E+00
     7.2450E+01     4.2253E-13     0.0000E+00
     7.2675E+01     4.2253E-13     0.0000E+00
     7.2900E+01     4.2253E-13     0.0000E+00
     7.2900E+01     4.2253E-13     0.0000E+00
     7.3125E+01     4.2253E-13     0.0000E+00
     7.3350E+01     4.2253E-13     0.0000E+00
     7.3350E+01     4.2253E-03     0.0000E+00
     7.3575E+01     4.2253E-03     4.2249E-03
     7.3800E+01     4.2253E-03     0.0000E+00
     7.3800E+01     4.2253E-13     0.0000E+00
     7.4025E+01     4.2253E-13     0.0000E+00
     7.4250E+01     4.2253E-13     0.0000E+00
     7.4250E+01     4.2253E-13     0.0000E+00
     7.4475E+01     4.2253E-13     0.0000E+00
     7.4700E+01     4.2253E-13     0.0000E+00
     7.4700E+01     4.2253E-13     0.0000E+00
     7.4925E+01     4.2253E-13     0.0000E+00
     7.5150E+01     4.2253E-13     0.0000E+00
     7.5150E+01     4.2253E-13     0.0000E+00
     7.5375E+01     4.2253E-13     0.0000E+00
     7.5600E+01     4.2253E-13     0.0000E+00
     7.5600E+01     4.2253E-13     0.0000E+00
     7.5825E+01     4.2253E-13     0.0000E+00
     7.6050E+01     4.2253E-13     0.0000E+00
     7.6050E+01     4.2253E-13     0.0000E+00
     7.6275E+01     4.2253E-13     0.0000E+00
     7.6500E+01     4.2253E-13     0.0000E+00
     7.6500E+01     4.2253E-13     0.0000E+00
     7.6725E+01     4.2253E-13     0.0000E+00
     7.6950E+01     4.2253E-13     0.0000E+00
     7.6950E+01     4.2253E-13     0.0000E+00
     7.7175E+01     4.2253E-13     0.0000E+00
     7.7400E+01     4.2253E-13     0.0000E+00
     7.7400E+01     4.2253E-13     0.0000E+00
     7.7625E+01     4.2253E-13     0.0000E+00
     7.7850E+01     4.2253E-13     0.0000E+00
     7.7850E+01     4.2253E-13     0.0000E+00
     7.8075E+01     4.2253E-13     0.0000E+00
     7.8300E+01     4.2253E-13     0.0000E+00
     7.8300E+01     4.2253E-13     0.0000E+00
     7.8525E+01     4.2253E-13     0.0000E+00
     7.8750E+01     4.2253E-13     0.0000E+00
     7.8750E+01     4.2253E-13     0.0000E+00
     7.8975E+01     4.2253E-13     0.0000E+00
     7.9200E+01     4.2253E-13     0.0000E+00
     7.9200E+01     4.2253E-13     0.0000E+00
     7.9425E+01     4.2253E-13     0.0000E+00
     7.9650E+01     4.2253E-13     0.0000E+00
     7.9650E+01     4.2253E-13     0.0000E+00
     7.9875E+01     4.2253E-13     0.0000E+00
     8.0100E+01     4.2253E-13     0.0000E+00
     8.0100E+01     4.2253E-13     0.0000E+00
     8.0325E+01     4.2253E-13     0.0000E+00
     8.0550E+01     4.2253E-13     0.0000E+00
     8.0550E+01     4.2253E-13     0.0000E+00
     8.0775E+01     4.2253E-13     0.0000E+00
     8.1000E+01     4.2253E-13     0.0000E+00
     8.1000E+01     4.2253E-13     0.0000E+00
     8.1225E+01     4.2253E-13     0.0000E+00
     8.1450E+01     4.2253E-13     0.0000E+00
     8.1450E+01     4.2253E-13     0.0000E+00
     8.1675E+01     4.2253E-13     0.0000E+00
     8.1900E+01     4.2253E-13     0.0000E+00
     8.1900E+01     4.2253E-13     0.0000E+00
     8.2125E+01     4.2253E-13     0.0000E+00
     8.2350E+01     4.2253E-13     0.0000E+00
     8.2350E+01     4.2253E-13     0.0000E+00
     8.2575E+01     4.2253E-13     0.0000E+00
     8.2800E+01     4.2253E-13     0.0000E+00
     8.2800E+01     4.2253E-13     0.0000E+00
     8.3025E+01     4.2253E-13     0.0000E+00
     8.3250E+01     4.2253E-13     0.0000E+00
     8.3250E+01     4.2253E-13     0.0000E+00
     8.3475E+01     4.2253E-13     0.0000E+00
     8.3700E+01     4.2253E-13     0.0000E+00
     8.3700E+01     4.2253E-13     0.0000E+00
     8.3925E+01     4.2253E-13     0.0000E+00
     8.4150E+01     4.2253E-13     0.0000E+00
     8.4150E+01     4.2253E-13     0.0000E+00
     8.4375E+01     4.2253E-13     0.0000E+00
     8.4600E+01     4.2253E-13     0.0000E+00
     8.4600E+01     4.2253E-13     0.0000E+00
     8.4825E+01     4.2253E-13     0.0000E+00
     8.5050E+01     4.2253E-13     0.0000E+00
     8.5050E+01     4.2253E-13     0.0000E+00
     8.5275E+01     4.2253E-13     0.0000E+00
     8.5500E+01     4.2253E-13     0.0000E+00
     8.5500E+01     4.2253E-13     0.0000E+00
     8.5725E+01     4.2253E-13     0.0000E+00
     8.5950E+01     4.2253E-13     0.0000E+00
     8.5950E+01     4.2253E-13     0.0000E+00
     8.6175E+01     4.2253E-13     0.0000E+00
     8.6400E+01     4.2253E-13     0.0000E+00
     8.6400E+01     4.2253E-13     0.0000E+00
     8.6625E+01     4.2253E-13     0.0000E+00
     8.6850E+01     4.2253E-13     0.0000E+00
     8.6850E+01     4.2253E-13     0.0000E+00
     8.7075E+01     4.2253E-13     0.0000E+00
     8.7300E+01     4.2253E-13     0.0000E+00
     8.7300E+01     4.2253E-13     0.0000E+00
     8.7525E+01     4.2253E-13     0.0000E+00
     8.7750E+01     4.2253E-13     0.0000E+00
     8.7750E+01     4.2253E-13     0.0000E+00
     8.7975E+01     4.2253E-13     0.0000E+00
     8.8200E+01     4.2253E-13     0.0000E+00
     8.8200E+01     4.2253E-13     0.0000E+00
     8.8425E+01     4.2253E-13     0.0000E+00
     8.8650E+01     4.2253E-13     0.0000E+00
     8.8650E+01     4.2253E-13     0.0000E+00
     8.8875E+01     4.2253E-13     0.0000E+00
     8.9100E+01     4.2253E-13     0.0000E+00
     8.9100E+01     4.2253E-13     0.0000E+00
     8.9325E+01     4.2253E-13     0.0000E+00
     8.9550E+01     4.2253E-13     0.0000E+00
     8.9550E+01     4.2253E-13     0.0000E+00
     8.9775E+01     4.2253E-13     0.0000E+00
     9.0000E+01     4.2253E-13     0.0000E+00
     9.0000E+01     4.2253E-18     0.0000E+00
&
