@g0 type xy 
@    title "energy fluence vs position"
@    subtitle "/home/miia/EGSnrc/egs_home/BEAM_EX10MeVe/EX10MeVe1.egsphsp1"
@    legend on
@    legend box linestyle 0
@    legend x1 0.6
@    legend y1 0.75
@    view xmin 0.250000
@    xaxis  label "X /cm"
@    timestamp on
@    yaxis  label "energy fluence/incident particle /MeV cm\\S-2\\N)"
@    s0 on
@    legend string  0 "IQ =2  NO LATCH CHECK"
@    s0 errorbar length 0.000000
@    s0 symbol color 1
@TYPE xydy
     1.0633E-10     2.5656E-21     0.0000E+00
     1.0633E-10     6.4972E-03     0.0000E+00
     5.3166E-01     6.4972E-03     1.6250E-03
     1.0633E+00     6.4972E-03     0.0000E+00
     1.0633E+00     4.6859E-03     0.0000E+00
     1.2835E+00     4.6859E-03     1.3486E-03
     1.5038E+00     4.6859E-03     0.0000E+00
     1.5038E+00     4.2007E-03     0.0000E+00
     1.6727E+00     4.2007E-03     1.3001E-03
     1.8417E+00     4.2007E-03     0.0000E+00
     1.8417E+00     2.6039E-03     0.0000E+00
     1.9842E+00     2.6039E-03     9.9747E-04
     2.1266E+00     2.6039E-03     0.0000E+00
     2.1266E+00     4.4280E-03     0.0000E+00
     2.2522E+00     4.4280E-03     1.3242E-03
     2.3777E+00     4.4280E-03     0.0000E+00
     2.3777E+00     2.5492E-03     0.0000E+00
     2.4911E+00     2.5492E-03     9.1081E-04
     2.6046E+00     2.5492E-03     0.0000E+00
     2.6046E+00     1.6627E-03     0.0000E+00
     2.7089E+00     1.6627E-03     8.2898E-04
     2.8133E+00     1.6627E-03     0.0000E+00
     2.8133E+00     6.8875E-03     0.0000E+00
     2.9104E+00     6.8875E-03     1.7268E-03
     3.0075E+00     6.8875E-03     0.0000E+00
     3.0075E+00     4.2803E-03     0.0000E+00
     3.0987E+00     4.2803E-03     1.3340E-03
     3.1900E+00     4.2803E-03     0.0000E+00
     3.1900E+00     4.2463E-03     0.0000E+00
     3.2762E+00     4.2463E-03     1.3132E-03
     3.3625E+00     4.2463E-03     0.0000E+00
     3.3625E+00     3.7227E-03     0.0000E+00
     3.4446E+00     3.7227E-03     1.2585E-03
     3.5266E+00     3.7227E-03     0.0000E+00
     3.5266E+00     3.6531E-03     0.0000E+00
     3.6050E+00     3.6531E-03     1.2444E-03
     3.6835E+00     3.6531E-03     0.0000E+00
     3.6835E+00     3.7658E-03     0.0000E+00
     3.7587E+00     3.7658E-03     1.2299E-03
     3.8339E+00     3.7658E-03     0.0000E+00
     3.8339E+00     3.5179E-03     0.0000E+00
     3.9062E+00     3.5179E-03     1.1237E-03
     3.9786E+00     3.5179E-03     0.0000E+00
     3.9786E+00     5.5628E-03     0.0000E+00
     4.0484E+00     5.5628E-03     1.5073E-03
     4.1182E+00     5.5628E-03     0.0000E+00
     4.1182E+00     2.8225E-03     0.0000E+00
     4.1858E+00     2.8225E-03     1.0823E-03
     4.2533E+00     2.8225E-03     0.0000E+00
     4.2533E+00     3.7868E-03     0.0000E+00
     4.3187E+00     3.7868E-03     1.2527E-03
     4.3842E+00     3.7868E-03     0.0000E+00
     4.3842E+00     5.1998E-03     0.0000E+00
     4.4477E+00     5.1998E-03     1.4387E-03
     4.5113E+00     5.1998E-03     0.0000E+00
     4.5113E+00     4.4582E-03     0.0000E+00
     4.5731E+00     4.4582E-03     1.3928E-03
     4.6349E+00     4.4582E-03     0.0000E+00
     4.6349E+00     4.7131E-03     0.0000E+00
     4.6951E+00     4.7131E-03     1.3518E-03
     4.7553E+00     4.7131E-03     0.0000E+00
     4.7553E+00     2.7089E-03     0.0000E+00
     4.8140E+00     2.7089E-03     1.0146E-03
     4.8728E+00     2.7089E-03     0.0000E+00
     4.8728E+00     3.8849E-03     0.0000E+00
     4.9301E+00     3.8849E-03     1.2761E-03
     4.9874E+00     3.8849E-03     0.0000E+00
     4.9874E+00     1.1482E-03     0.0000E+00
     5.0435E+00     1.1482E-03     4.8783E-04
     5.0995E+00     1.1482E-03     0.0000E+00
     5.0995E+00     1.5121E-03     0.0000E+00
     5.1544E+00     1.5121E-03     6.5873E-04
     5.2092E+00     1.5121E-03     0.0000E+00
     5.2092E+00     7.9589E-04     0.0000E+00
     5.2629E+00     7.9589E-04     5.1698E-04
     5.3166E+00     7.9589E-04     0.0000E+00
     5.3166E+00     7.2015E-04     0.0000E+00
     5.3693E+00     7.2015E-04     4.7971E-04
     5.4219E+00     7.2015E-04     0.0000E+00
     5.4219E+00     4.0546E-04     0.0000E+00
     5.4735E+00     4.0546E-04     2.8144E-04
     5.5252E+00     4.0546E-04     0.0000E+00
     5.5252E+00     4.4718E-04     0.0000E+00
     5.5759E+00     4.4718E-04     2.1203E-04
     5.6266E+00     4.4718E-04     0.0000E+00
     5.6266E+00     6.0021E-05     0.0000E+00
     5.6764E+00     6.0021E-05     4.0889E-05
     5.7262E+00     6.0021E-05     0.0000E+00
     5.7262E+00     2.6589E-04     0.0000E+00
     5.7751E+00     2.6589E-04     1.7204E-04
     5.8241E+00     2.6589E-04     0.0000E+00
     5.8241E+00     2.5656E-16     0.0000E+00
     5.8722E+00     2.5656E-16     0.0000E+00
     5.9203E+00     2.5656E-16     0.0000E+00
     5.9203E+00     7.0109E-04     0.0000E+00
     5.9677E+00     7.0109E-04     4.7009E-04
     6.0151E+00     7.0109E-04     0.0000E+00
     6.0151E+00     3.9946E-04     0.0000E+00
     6.0617E+00     3.9946E-04     3.1196E-04
     6.1083E+00     3.9946E-04     0.0000E+00
     6.1083E+00     3.8463E-04     0.0000E+00
     6.1542E+00     3.8463E-04     2.3608E-04
     6.2002E+00     3.8463E-04     0.0000E+00
     6.2002E+00     1.4270E-03     0.0000E+00
     6.2454E+00     1.4270E-03     6.2210E-04
     6.2907E+00     1.4270E-03     0.0000E+00
     6.2907E+00     7.9170E-04     0.0000E+00
     6.3353E+00     7.9170E-04     4.2885E-04
     6.3799E+00     7.9170E-04     0.0000E+00
     6.3799E+00     3.4258E-04     0.0000E+00
     6.4239E+00     3.4258E-04     2.2031E-04
     6.4679E+00     3.4258E-04     0.0000E+00
     6.4679E+00     5.9055E-04     0.0000E+00
     6.5113E+00     5.9055E-04     2.8201E-04
     6.5548E+00     5.9055E-04     0.0000E+00
     6.5548E+00     6.2105E-04     0.0000E+00
     6.5976E+00     6.2105E-04     2.9795E-04
     6.6404E+00     6.2105E-04     0.0000E+00
     6.6404E+00     6.0478E-04     0.0000E+00
     6.6827E+00     6.0478E-04     4.0400E-04
     6.7250E+00     6.0478E-04     0.0000E+00
     6.7250E+00     2.0697E-04     0.0000E+00
     6.7668E+00     2.0697E-04     1.1196E-04
     6.8086E+00     2.0697E-04     0.0000E+00
     6.8086E+00     2.7429E-05     0.0000E+00
     6.8498E+00     2.7429E-05     1.9399E-05
     6.8911E+00     2.7429E-05     0.0000E+00
     6.8911E+00     1.1637E-03     0.0000E+00
     6.9319E+00     1.1637E-03     4.6157E-04
     6.9727E+00     1.1637E-03     0.0000E+00
     6.9727E+00     5.1726E-04     0.0000E+00
     7.0130E+00     5.1726E-04     3.7020E-04
     7.0533E+00     5.1726E-04     0.0000E+00
     7.0533E+00     1.4078E-03     0.0000E+00
     7.0931E+00     1.4078E-03     6.2224E-04
     7.1330E+00     1.4078E-03     0.0000E+00
     7.1330E+00     3.9967E-04     0.0000E+00
     7.1724E+00     3.9967E-04     2.0780E-04
     7.2118E+00     3.9967E-04     0.0000E+00
     7.2118E+00     2.9973E-04     0.0000E+00
     7.2508E+00     2.9973E-04     2.1023E-04
     7.2898E+00     2.9973E-04     0.0000E+00
     7.2898E+00     2.7178E-04     0.0000E+00
     7.3283E+00     2.7178E-04     2.1939E-04
     7.3669E+00     2.7178E-04     0.0000E+00
     7.3669E+00     1.3640E-04     0.0000E+00
     7.4051E+00     1.3640E-04     7.7247E-05
     7.4433E+00     1.3640E-04     0.0000E+00
     7.4433E+00     2.5339E-04     0.0000E+00
     7.4810E+00     2.5339E-04     2.2954E-04
     7.5188E+00     2.5339E-04     0.0000E+00
     7.5188E+00     1.3726E-04     0.0000E+00
     7.5562E+00     1.3726E-04     1.2216E-04
     7.5936E+00     1.3726E-04     0.0000E+00
     7.5936E+00     1.3601E-04     0.0000E+00
     7.6307E+00     1.3601E-04     1.1401E-04
     7.6677E+00     1.3601E-04     0.0000E+00
     7.6677E+00     3.9416E-04     0.0000E+00
     7.7044E+00     3.9416E-04     3.0992E-04
     7.7411E+00     3.9416E-04     0.0000E+00
     7.7411E+00     2.2975E-05     0.0000E+00
     7.7774E+00     2.2975E-05     1.6552E-05
     7.8138E+00     2.2975E-05     0.0000E+00
     7.8138E+00     3.6743E-04     0.0000E+00
     7.8498E+00     3.6743E-04     2.4066E-04
     7.8858E+00     3.6743E-04     0.0000E+00
     7.8858E+00     2.5656E-16     0.0000E+00
     7.9215E+00     2.5656E-16     0.0000E+00
     7.9572E+00     2.5656E-16     0.0000E+00
     7.9572E+00     4.0444E-05     0.0000E+00
     7.9925E+00     4.0444E-05     4.0440E-05
     8.0279E+00     4.0444E-05     0.0000E+00
     8.0279E+00     1.1648E-04     0.0000E+00
     8.0630E+00     1.1648E-04     6.7002E-05
     8.0980E+00     1.1648E-04     0.0000E+00
     8.0980E+00     1.4507E-04     0.0000E+00
     8.1328E+00     1.4507E-04     1.1497E-04
     8.1675E+00     1.4507E-04     0.0000E+00
     8.1675E+00     7.5372E-04     0.0000E+00
     8.2020E+00     7.5372E-04     2.9976E-04
     8.2365E+00     7.5372E-04     0.0000E+00
     8.2365E+00     1.3589E-04     0.0000E+00
     8.2706E+00     1.3589E-04     7.4021E-05
     8.3048E+00     1.3589E-04     0.0000E+00
     8.3048E+00     6.1900E-04     0.0000E+00
     8.3387E+00     6.1900E-04     3.6587E-04
     8.3726E+00     6.1900E-04     0.0000E+00
     8.3726E+00     1.0676E-04     0.0000E+00
     8.4062E+00     1.0676E-04     8.0435E-05
     8.4399E+00     1.0676E-04     0.0000E+00
     8.4399E+00     3.5401E-04     0.0000E+00
     8.4732E+00     3.5401E-04     2.3871E-04
     8.5066E+00     3.5401E-04     0.0000E+00
     8.5066E+00     4.7747E-04     0.0000E+00
     8.5397E+00     4.7747E-04     4.0355E-04
     8.5728E+00     4.7747E-04     0.0000E+00
     8.5728E+00     4.2517E-04     0.0000E+00
     8.6056E+00     4.2517E-04     2.3837E-04
     8.6385E+00     4.2517E-04     0.0000E+00
     8.6385E+00     6.1805E-04     0.0000E+00
     8.6711E+00     6.1805E-04     4.1366E-04
     8.7037E+00     6.1805E-04     0.0000E+00
     8.7037E+00     1.2603E-04     0.0000E+00
     8.7360E+00     1.2603E-04     9.3975E-05
     8.7684E+00     1.2603E-04     0.0000E+00
     8.7684E+00     3.0805E-04     0.0000E+00
     8.8005E+00     3.0805E-04     2.3147E-04
     8.8326E+00     3.0805E-04     0.0000E+00
     8.8326E+00     3.9788E-04     0.0000E+00
     8.8645E+00     3.9788E-04     2.8874E-04
     8.8964E+00     3.9788E-04     0.0000E+00
     8.8964E+00     1.6155E-04     0.0000E+00
     8.9280E+00     1.6155E-04     8.7120E-05
     8.9597E+00     1.6155E-04     0.0000E+00
     8.9597E+00     8.5882E-04     0.0000E+00
     8.9911E+00     8.5882E-04     5.1690E-04
     9.0226E+00     8.5882E-04     0.0000E+00
     9.0226E+00     2.5182E-04     0.0000E+00
     9.0538E+00     2.5182E-04     1.1964E-04
     9.0850E+00     2.5182E-04     0.0000E+00
     9.0850E+00     6.1501E-04     0.0000E+00
     9.1160E+00     6.1501E-04     4.5953E-04
     9.1470E+00     6.1501E-04     0.0000E+00
     9.1470E+00     2.4836E-04     0.0000E+00
     9.1778E+00     2.4836E-04     2.1281E-04
     9.2086E+00     2.4836E-04     0.0000E+00
     9.2086E+00     2.5475E-04     0.0000E+00
     9.2392E+00     2.5475E-04     2.5472E-04
     9.2698E+00     2.5475E-04     0.0000E+00
     9.2698E+00     5.4707E-05     0.0000E+00
     9.3002E+00     5.4707E-05     4.5180E-05
     9.3306E+00     5.4707E-05     0.0000E+00
     9.3306E+00     1.7085E-04     0.0000E+00
     9.3608E+00     1.7085E-04     1.7083E-04
     9.3910E+00     1.7085E-04     0.0000E+00
     9.3910E+00     2.3767E-04     0.0000E+00
     9.4210E+00     2.3767E-04     1.9442E-04
     9.4510E+00     2.3767E-04     0.0000E+00
     9.4510E+00     2.8763E-04     0.0000E+00
     9.4808E+00     2.8763E-04     2.4391E-04
     9.5106E+00     2.8763E-04     0.0000E+00
     9.5106E+00     3.5485E-04     0.0000E+00
     9.5403E+00     3.5485E-04     2.9297E-04
     9.5699E+00     3.5485E-04     0.0000E+00
     9.5699E+00     2.3619E-05     0.0000E+00
     9.5993E+00     2.3619E-05     1.7483E-05
     9.6288E+00     2.3619E-05     0.0000E+00
     9.6288E+00     5.5804E-05     0.0000E+00
     9.6581E+00     5.5804E-05     5.5799E-05
     9.6873E+00     5.5804E-05     0.0000E+00
     9.6873E+00     7.2143E-05     0.0000E+00
     9.7164E+00     7.2143E-05     3.8626E-05
     9.7455E+00     7.2143E-05     0.0000E+00
     9.7455E+00     1.7956E-04     0.0000E+00
     9.7744E+00     1.7956E-04     1.6912E-04
     9.8033E+00     1.7956E-04     0.0000E+00
     9.8033E+00     2.9763E-05     0.0000E+00
     9.8321E+00     2.9763E-05     2.2075E-05
     9.8608E+00     2.9763E-05     0.0000E+00
     9.8608E+00     4.8857E-04     0.0000E+00
     9.8894E+00     4.8857E-04     3.1550E-04
     9.9180E+00     4.8857E-04     0.0000E+00
     9.9180E+00     2.5656E-16     0.0000E+00
     9.9464E+00     2.5656E-16     0.0000E+00
     9.9748E+00     2.5656E-16     0.0000E+00
     9.9748E+00     2.5227E-04     0.0000E+00
     1.0003E+01     2.5227E-04     2.1412E-04
     1.0031E+01     2.5227E-04     0.0000E+00
     1.0031E+01     2.4435E-05     0.0000E+00
     1.0059E+01     2.4435E-05     1.7331E-05
     1.0088E+01     2.4435E-05     0.0000E+00
     1.0088E+01     2.5656E-16     0.0000E+00
     1.0115E+01     2.5656E-16     0.0000E+00
     1.0143E+01     2.5656E-16     0.0000E+00
     1.0143E+01     2.5656E-16     0.0000E+00
     1.0171E+01     2.5656E-16     0.0000E+00
     1.0199E+01     2.5656E-16     0.0000E+00
     1.0199E+01     2.5656E-16     0.0000E+00
     1.0227E+01     2.5656E-16     0.0000E+00
     1.0254E+01     2.5656E-16     0.0000E+00
     1.0254E+01     1.6201E-05     0.0000E+00
     1.0282E+01     1.6201E-05     1.6200E-05
     1.0309E+01     1.6201E-05     0.0000E+00
     1.0309E+01     2.6519E-04     0.0000E+00
     1.0337E+01     2.6519E-04     2.6517E-04
     1.0364E+01     2.6519E-04     0.0000E+00
     1.0364E+01     2.5656E-16     0.0000E+00
     1.0391E+01     2.5656E-16     0.0000E+00
     1.0418E+01     2.5656E-16     0.0000E+00
     1.0418E+01     1.5741E-04     0.0000E+00
     1.0445E+01     1.5741E-04     1.3125E-04
     1.0473E+01     1.5741E-04     0.0000E+00
     1.0473E+01     1.7000E-04     0.0000E+00
     1.0499E+01     1.7000E-04     1.5330E-04
     1.0526E+01     1.7000E-04     0.0000E+00
     1.0526E+01     2.5695E-04     0.0000E+00
     1.0553E+01     2.5695E-04     1.8174E-04
     1.0580E+01     2.5695E-04     0.0000E+00
     1.0580E+01     2.5656E-16     0.0000E+00
     1.0607E+01     2.5656E-16     0.0000E+00
     1.0633E+01     2.5656E-16     0.0000E+00
     1.0633E+01     1.6504E-04     0.0000E+00
     1.0660E+01     1.6504E-04     1.6503E-04
     1.0686E+01     1.6504E-04     0.0000E+00
     1.0686E+01     1.7521E-05     0.0000E+00
     1.0713E+01     1.7521E-05     1.7520E-05
     1.0739E+01     1.7521E-05     0.0000E+00
     1.0739E+01     2.5656E-16     0.0000E+00
     1.0765E+01     2.5656E-16     0.0000E+00
     1.0792E+01     2.5656E-16     0.0000E+00
     1.0792E+01     5.1182E-04     0.0000E+00
     1.0818E+01     5.1182E-04     4.0517E-04
     1.0844E+01     5.1182E-04     0.0000E+00
     1.0844E+01     3.2924E-05     0.0000E+00
     1.0870E+01     3.2924E-05     3.2920E-05
     1.0896E+01     3.2924E-05     0.0000E+00
     1.0896E+01     8.7858E-05     0.0000E+00
     1.0922E+01     8.7858E-05     8.7849E-05
     1.0948E+01     8.7858E-05     0.0000E+00
     1.0948E+01     2.7788E-04     0.0000E+00
     1.0973E+01     2.7788E-04     2.5623E-04
     1.0999E+01     2.7788E-04     0.0000E+00
     1.0999E+01     2.5656E-16     0.0000E+00
     1.1025E+01     2.5656E-16     0.0000E+00
     1.1050E+01     2.5656E-16     0.0000E+00
     1.1050E+01     7.4247E-06     0.0000E+00
     1.1076E+01     7.4247E-06     7.4240E-06
     1.1101E+01     7.4247E-06     0.0000E+00
     1.1101E+01     1.7906E-04     0.0000E+00
     1.1127E+01     1.7906E-04     1.5103E-04
     1.1152E+01     1.7906E-04     0.0000E+00
     1.1152E+01     7.4965E-06     0.0000E+00
     1.1178E+01     7.4965E-06     7.4957E-06
     1.1203E+01     7.4965E-06     0.0000E+00
     1.1203E+01     4.5088E-04     0.0000E+00
     1.1228E+01     4.5088E-04     4.1812E-04
     1.1253E+01     4.5088E-04     0.0000E+00
     1.1253E+01     4.0795E-04     0.0000E+00
     1.1278E+01     4.0795E-04     4.0791E-04
     1.1303E+01     4.0795E-04     0.0000E+00
     1.1303E+01     1.8932E-05     0.0000E+00
     1.1328E+01     1.8932E-05     1.3489E-05
     1.1353E+01     1.8932E-05     0.0000E+00
     1.1353E+01     3.7978E-04     0.0000E+00
     1.1378E+01     3.7978E-04     2.2754E-04
     1.1403E+01     3.7978E-04     0.0000E+00
     1.1403E+01     2.5656E-16     0.0000E+00
     1.1428E+01     2.5656E-16     0.0000E+00
     1.1452E+01     2.5656E-16     0.0000E+00
     1.1452E+01     7.0634E-04     0.0000E+00
     1.1477E+01     7.0634E-04     7.0626E-04
     1.1502E+01     7.0634E-04     0.0000E+00
     1.1502E+01     5.0339E-06     0.0000E+00
     1.1526E+01     5.0339E-06     5.0334E-06
     1.1551E+01     5.0339E-06     0.0000E+00
     1.1551E+01     2.5656E-16     0.0000E+00
     1.1575E+01     2.5656E-16     0.0000E+00
     1.1599E+01     2.5656E-16     0.0000E+00
     1.1599E+01     2.5656E-16     0.0000E+00
     1.1624E+01     2.5656E-16     0.0000E+00
     1.1648E+01     2.5656E-16     0.0000E+00
     1.1648E+01     2.5656E-16     0.0000E+00
     1.1672E+01     2.5656E-16     0.0000E+00
     1.1697E+01     2.5656E-16     0.0000E+00
     1.1697E+01     6.3007E-05     0.0000E+00
     1.1721E+01     6.3007E-05     5.0604E-05
     1.1745E+01     6.3007E-05     0.0000E+00
     1.1745E+01     2.5656E-16     0.0000E+00
     1.1769E+01     2.5656E-16     0.0000E+00
     1.1793E+01     2.5656E-16     0.0000E+00
     1.1793E+01     2.5656E-16     0.0000E+00
     1.1817E+01     2.5656E-16     0.0000E+00
     1.1841E+01     2.5656E-16     0.0000E+00
     1.1841E+01     2.5656E-16     0.0000E+00
     1.1864E+01     2.5656E-16     0.0000E+00
     1.1888E+01     2.5656E-16     0.0000E+00
     1.1888E+01     7.2101E-05     0.0000E+00
     1.1912E+01     7.2101E-05     7.2094E-05
     1.1936E+01     7.2101E-05     0.0000E+00
     1.1936E+01     2.5656E-16     0.0000E+00
     1.1959E+01     2.5656E-16     0.0000E+00
     1.1983E+01     2.5656E-16     0.0000E+00
     1.1983E+01     4.4018E-06     0.0000E+00
     1.2007E+01     4.4018E-06     4.4014E-06
     1.2030E+01     4.4018E-06     0.0000E+00
     1.2030E+01     6.7809E-05     0.0000E+00
     1.2054E+01     6.7809E-05     5.4877E-05
     1.2077E+01     6.7809E-05     0.0000E+00
     1.2077E+01     6.3012E-05     0.0000E+00
     1.2100E+01     6.3012E-05     5.9077E-05
     1.2124E+01     6.3012E-05     0.0000E+00
     1.2124E+01     2.9435E-05     0.0000E+00
     1.2147E+01     2.9435E-05     2.9432E-05
     1.2170E+01     2.9435E-05     0.0000E+00
     1.2170E+01     2.5656E-16     0.0000E+00
     1.2193E+01     2.5656E-16     0.0000E+00
     1.2217E+01     2.5656E-16     0.0000E+00
     1.2217E+01     6.1760E-05     0.0000E+00
     1.2240E+01     6.1760E-05     6.1753E-05
     1.2263E+01     6.1760E-05     0.0000E+00
     1.2263E+01     2.5656E-16     0.0000E+00
     1.2286E+01     2.5656E-16     0.0000E+00
     1.2309E+01     2.5656E-16     0.0000E+00
     1.2309E+01     8.0720E-06     0.0000E+00
     1.2332E+01     8.0720E-06     8.0712E-06
     1.2355E+01     8.0720E-06     0.0000E+00
     1.2355E+01     2.5656E-16     0.0000E+00
     1.2378E+01     2.5656E-16     0.0000E+00
     1.2400E+01     2.5656E-16     0.0000E+00
     1.2400E+01     2.5656E-16     0.0000E+00
     1.2423E+01     2.5656E-16     0.0000E+00
     1.2446E+01     2.5656E-16     0.0000E+00
     1.2446E+01     7.3861E-05     0.0000E+00
     1.2469E+01     7.3861E-05     7.3853E-05
     1.2491E+01     7.3861E-05     0.0000E+00
     1.2491E+01     2.5656E-16     0.0000E+00
     1.2514E+01     2.5656E-16     0.0000E+00
     1.2536E+01     2.5656E-16     0.0000E+00
     1.2536E+01     2.5656E-16     0.0000E+00
     1.2559E+01     2.5656E-16     0.0000E+00
     1.2581E+01     2.5656E-16     0.0000E+00
     1.2581E+01     3.2270E-04     0.0000E+00
     1.2604E+01     3.2270E-04     3.2267E-04
     1.2626E+01     3.2270E-04     0.0000E+00
     1.2626E+01     2.5656E-16     0.0000E+00
     1.2649E+01     2.5656E-16     0.0000E+00
     1.2671E+01     2.5656E-16     0.0000E+00
     1.2671E+01     2.5656E-16     0.0000E+00
     1.2693E+01     2.5656E-16     0.0000E+00
     1.2715E+01     2.5656E-16     0.0000E+00
     1.2715E+01     1.4786E-04     0.0000E+00
     1.2738E+01     1.4786E-04     1.4785E-04
     1.2760E+01     1.4786E-04     0.0000E+00
     1.2760E+01     2.5656E-16     0.0000E+00
     1.2782E+01     2.5656E-16     0.0000E+00
     1.2804E+01     2.5656E-16     0.0000E+00
     1.2804E+01     2.5656E-16     0.0000E+00
     1.2826E+01     2.5656E-16     0.0000E+00
     1.2848E+01     2.5656E-16     0.0000E+00
     1.2848E+01     2.5656E-16     0.0000E+00
     1.2870E+01     2.5656E-16     0.0000E+00
     1.2892E+01     2.5656E-16     0.0000E+00
     1.2892E+01     2.5656E-16     0.0000E+00
     1.2914E+01     2.5656E-16     0.0000E+00
     1.2936E+01     2.5656E-16     0.0000E+00
     1.2936E+01     4.7730E-05     0.0000E+00
     1.2958E+01     4.7730E-05     4.7725E-05
     1.2979E+01     4.7730E-05     0.0000E+00
     1.2979E+01     2.5656E-16     0.0000E+00
     1.3001E+01     2.5656E-16     0.0000E+00
     1.3023E+01     2.5656E-16     0.0000E+00
     1.3023E+01     4.0118E-05     0.0000E+00
     1.3045E+01     4.0118E-05     4.0114E-05
     1.3066E+01     4.0118E-05     0.0000E+00
     1.3066E+01     1.7878E-04     0.0000E+00
     1.3088E+01     1.7878E-04     1.7035E-04
     1.3110E+01     1.7878E-04     0.0000E+00
     1.3110E+01     6.0247E-05     0.0000E+00
     1.3131E+01     6.0247E-05     6.0240E-05
     1.3153E+01     6.0247E-05     0.0000E+00
     1.3153E+01     2.5656E-16     0.0000E+00
     1.3174E+01     2.5656E-16     0.0000E+00
     1.3195E+01     2.5656E-16     0.0000E+00
     1.3195E+01     2.1100E-04     0.0000E+00
     1.3217E+01     2.1100E-04     1.5091E-04
     1.3238E+01     2.1100E-04     0.0000E+00
     1.3238E+01     2.5656E-16     0.0000E+00
     1.3260E+01     2.5656E-16     0.0000E+00
     1.3281E+01     2.5656E-16     0.0000E+00
     1.3281E+01     1.9357E-05     0.0000E+00
     1.3302E+01     1.9357E-05     1.9355E-05
     1.3323E+01     1.9357E-05     0.0000E+00
     1.3323E+01     8.6919E-05     0.0000E+00
     1.3345E+01     8.6919E-05     8.6911E-05
     1.3366E+01     8.6919E-05     0.0000E+00
     1.3366E+01     1.6867E-04     0.0000E+00
     1.3387E+01     1.6867E-04     1.2416E-04
     1.3408E+01     1.6867E-04     0.0000E+00
     1.3408E+01     2.5656E-16     0.0000E+00
     1.3429E+01     2.5656E-16     0.0000E+00
     1.3450E+01     2.5656E-16     0.0000E+00
     1.3450E+01     1.9618E-05     0.0000E+00
     1.3471E+01     1.9618E-05     1.9616E-05
     1.3492E+01     1.9618E-05     0.0000E+00
     1.3492E+01     2.5656E-16     0.0000E+00
     1.3513E+01     2.5656E-16     0.0000E+00
     1.3534E+01     2.5656E-16     0.0000E+00
     1.3534E+01     3.6250E-06     0.0000E+00
     1.3555E+01     3.6250E-06     3.6247E-06
     1.3576E+01     3.6250E-06     0.0000E+00
     1.3576E+01     2.5656E-16     0.0000E+00
     1.3596E+01     2.5656E-16     0.0000E+00
     1.3617E+01     2.5656E-16     0.0000E+00
     1.3617E+01     2.3131E-04     0.0000E+00
     1.3638E+01     2.3131E-04     2.0944E-04
     1.3659E+01     2.3131E-04     0.0000E+00
     1.3659E+01     2.9925E-05     0.0000E+00
     1.3679E+01     2.9925E-05     2.9922E-05
     1.3700E+01     2.9925E-05     0.0000E+00
     1.3700E+01     7.8400E-05     0.0000E+00
     1.3721E+01     7.8400E-05     7.8392E-05
     1.3741E+01     7.8400E-05     0.0000E+00
     1.3741E+01     5.1477E-05     0.0000E+00
     1.3762E+01     5.1477E-05     5.1472E-05
     1.3782E+01     5.1477E-05     0.0000E+00
     1.3782E+01     1.1384E-04     0.0000E+00
     1.3803E+01     1.1384E-04     1.1383E-04
     1.3823E+01     1.1384E-04     0.0000E+00
     1.3823E+01     3.1580E-04     0.0000E+00
     1.3844E+01     3.1580E-04     2.8043E-04
     1.3864E+01     3.1580E-04     0.0000E+00
     1.3864E+01     2.5656E-16     0.0000E+00
     1.3884E+01     2.5656E-16     0.0000E+00
     1.3905E+01     2.5656E-16     0.0000E+00
     1.3905E+01     2.5656E-06     0.0000E+00
     1.3925E+01     2.5656E-06     2.5653E-06
     1.3945E+01     2.5656E-06     0.0000E+00
     1.3945E+01     2.5656E-16     0.0000E+00
     1.3966E+01     2.5656E-16     0.0000E+00
     1.3986E+01     2.5656E-16     0.0000E+00
     1.3986E+01     3.9409E-05     0.0000E+00
     1.4006E+01     3.9409E-05     3.9405E-05
     1.4026E+01     3.9409E-05     0.0000E+00
     1.4026E+01     4.5256E-06     0.0000E+00
     1.4046E+01     4.5256E-06     4.5251E-06
     1.4066E+01     4.5256E-06     0.0000E+00
     1.4066E+01     1.7737E-04     0.0000E+00
     1.4086E+01     1.7737E-04     1.7735E-04
     1.4107E+01     1.7737E-04     0.0000E+00
     1.4107E+01     4.5321E-04     0.0000E+00
     1.4127E+01     4.5321E-04     3.4410E-04
     1.4147E+01     4.5321E-04     0.0000E+00
     1.4147E+01     1.3123E-04     0.0000E+00
     1.4167E+01     1.3123E-04     1.3121E-04
     1.4186E+01     1.3123E-04     0.0000E+00
     1.4186E+01     2.5656E-16     0.0000E+00
     1.4206E+01     2.5656E-16     0.0000E+00
     1.4226E+01     2.5656E-16     0.0000E+00
     1.4226E+01     2.0014E-04     0.0000E+00
     1.4246E+01     2.0014E-04     2.0012E-04
     1.4266E+01     2.0014E-04     0.0000E+00
     1.4266E+01     2.5656E-16     0.0000E+00
     1.4286E+01     2.5656E-16     0.0000E+00
     1.4306E+01     2.5656E-16     0.0000E+00
     1.4306E+01     3.4487E-04     0.0000E+00
     1.4325E+01     3.4487E-04     2.6704E-04
     1.4345E+01     3.4487E-04     0.0000E+00
     1.4345E+01     3.9085E-05     0.0000E+00
     1.4365E+01     3.9085E-05     3.0670E-05
     1.4384E+01     3.9085E-05     0.0000E+00
     1.4384E+01     2.9747E-04     0.0000E+00
     1.4404E+01     2.9747E-04     2.9744E-04
     1.4424E+01     2.9747E-04     0.0000E+00
     1.4424E+01     8.8723E-05     0.0000E+00
     1.4443E+01     8.8723E-05     8.8714E-05
     1.4463E+01     8.8723E-05     0.0000E+00
     1.4463E+01     2.5656E-16     0.0000E+00
     1.4482E+01     2.5656E-16     0.0000E+00
     1.4502E+01     2.5656E-16     0.0000E+00
     1.4502E+01     2.5656E-16     0.0000E+00
     1.4521E+01     2.5656E-16     0.0000E+00
     1.4541E+01     2.5656E-16     0.0000E+00
     1.4541E+01     1.4191E-04     0.0000E+00
     1.4560E+01     1.4191E-04     1.2665E-04
     1.4580E+01     1.4191E-04     0.0000E+00
     1.4580E+01     2.0388E-04     0.0000E+00
     1.4599E+01     2.0388E-04     1.8546E-04
     1.4618E+01     2.0388E-04     0.0000E+00
     1.4618E+01     2.5656E-16     0.0000E+00
     1.4638E+01     2.5656E-16     0.0000E+00
     1.4657E+01     2.5656E-16     0.0000E+00
     1.4657E+01     3.8724E-04     0.0000E+00
     1.4676E+01     3.8724E-04     3.8721E-04
     1.4695E+01     3.8724E-04     0.0000E+00
     1.4695E+01     2.5656E-16     0.0000E+00
     1.4715E+01     2.5656E-16     0.0000E+00
     1.4734E+01     2.5656E-16     0.0000E+00
     1.4734E+01     2.5656E-16     0.0000E+00
     1.4753E+01     2.5656E-16     0.0000E+00
     1.4772E+01     2.5656E-16     0.0000E+00
     1.4772E+01     2.5656E-16     0.0000E+00
     1.4791E+01     2.5656E-16     0.0000E+00
     1.4810E+01     2.5656E-16     0.0000E+00
     1.4810E+01     6.2662E-04     0.0000E+00
     1.4829E+01     6.2662E-04     4.5057E-04
     1.4848E+01     6.2662E-04     0.0000E+00
     1.4848E+01     4.6004E-04     0.0000E+00
     1.4867E+01     4.6004E-04     4.3583E-04
     1.4887E+01     4.6004E-04     0.0000E+00
     1.4887E+01     2.5656E-16     0.0000E+00
     1.4905E+01     2.5656E-16     0.0000E+00
     1.4924E+01     2.5656E-16     0.0000E+00
     1.4924E+01     1.0977E-04     0.0000E+00
     1.4943E+01     1.0977E-04     9.8272E-05
     1.4962E+01     1.0977E-04     0.0000E+00
     1.4962E+01     5.3019E-05     0.0000E+00
     1.4981E+01     5.3019E-05     5.3013E-05
     1.5000E+01     5.3019E-05     0.0000E+00
     1.5000E+01     2.5656E-21     0.0000E+00
&
