@g0 type xy 
@    title "energy fluence vs position"
@    subtitle "/home/miia/EGSnrc/egs_home/BEAM_EX10MeVe/EX10MeVe1.egsphsp1"
@    legend on
@    legend box linestyle 0
@    legend x1 0.6
@    legend y1 0.75
@    view xmin 0.250000
@    xaxis  label "X /cm"
@    timestamp on
@    yaxis  label "energy fluence/incident particle /MeV cm\\S-2\\N)"
@    s0 on
@    legend string  0 "IQ =-1 INCL REGION BIT #: 16 17 18 19 20"
@    s0 errorbar length 0.000000
@    s0 symbol color 1
@TYPE xydy
     2.1266E-10     1.0029E-20     0.0000E+00
     2.1266E-10     1.0029E-15     0.0000E+00
     1.0633E+00     1.0029E-15     0.0000E+00
     2.1266E+00     1.0029E-15     0.0000E+00
     2.1266E+00     1.0029E-15     0.0000E+00
     2.5671E+00     1.0029E-15     0.0000E+00
     3.0075E+00     1.0029E-15     0.0000E+00
     3.0075E+00     1.0029E-15     0.0000E+00
     3.3455E+00     1.0029E-15     0.0000E+00
     3.6835E+00     1.0029E-15     0.0000E+00
     3.6835E+00     1.0029E-15     0.0000E+00
     3.9684E+00     1.0029E-15     0.0000E+00
     4.2533E+00     1.0029E-15     0.0000E+00
     4.2533E+00     1.0029E-15     0.0000E+00
     4.5043E+00     1.0029E-15     0.0000E+00
     4.7553E+00     1.0029E-15     0.0000E+00
     4.7553E+00     1.0029E-15     0.0000E+00
     4.9823E+00     1.0029E-15     0.0000E+00
     5.2092E+00     1.0029E-15     0.0000E+00
     5.2092E+00     1.0029E-15     0.0000E+00
     5.4179E+00     1.0029E-15     0.0000E+00
     5.6266E+00     1.0029E-15     0.0000E+00
     5.6266E+00     1.0029E-15     0.0000E+00
     5.8208E+00     1.0029E-15     0.0000E+00
     6.0151E+00     1.0029E-15     0.0000E+00
     6.0151E+00     1.0029E-15     0.0000E+00
     6.1975E+00     1.0029E-15     0.0000E+00
     6.3799E+00     1.0029E-15     0.0000E+00
     6.3799E+00     1.0029E-15     0.0000E+00
     6.5525E+00     1.0029E-15     0.0000E+00
     6.7250E+00     1.0029E-15     0.0000E+00
     6.7250E+00     1.0029E-15     0.0000E+00
     6.8892E+00     1.0029E-15     0.0000E+00
     7.0533E+00     1.0029E-15     0.0000E+00
     7.0533E+00     3.4508E-05     0.0000E+00
     7.2101E+00     3.4508E-05     3.4505E-05
     7.3669E+00     3.4508E-05     0.0000E+00
     7.3669E+00     1.0029E-15     0.0000E+00
     7.5173E+00     1.0029E-15     0.0000E+00
     7.6677E+00     1.0029E-15     0.0000E+00
     7.6677E+00     1.0029E-15     0.0000E+00
     7.8124E+00     1.0029E-15     0.0000E+00
     7.9572E+00     1.0029E-15     0.0000E+00
     7.9572E+00     1.0029E-15     0.0000E+00
     8.0968E+00     1.0029E-15     0.0000E+00
     8.2365E+00     1.0029E-15     0.0000E+00
     8.2365E+00     1.0029E-15     0.0000E+00
     8.3715E+00     1.0029E-15     0.0000E+00
     8.5066E+00     1.0029E-15     0.0000E+00
     8.5066E+00     1.0029E-15     0.0000E+00
     8.6375E+00     1.0029E-15     0.0000E+00
     8.7684E+00     1.0029E-15     0.0000E+00
     8.7684E+00     1.0029E-15     0.0000E+00
     8.8955E+00     1.0029E-15     0.0000E+00
     9.0226E+00     1.0029E-15     0.0000E+00
     9.0226E+00     6.3688E-05     0.0000E+00
     9.1462E+00     6.3688E-05     6.3681E-05
     9.2698E+00     6.3688E-05     0.0000E+00
     9.2698E+00     1.0029E-15     0.0000E+00
     9.3902E+00     1.0029E-15     0.0000E+00
     9.5106E+00     1.0029E-15     0.0000E+00
     9.5106E+00     1.0029E-15     0.0000E+00
     9.6281E+00     1.0029E-15     0.0000E+00
     9.7455E+00     1.0029E-15     0.0000E+00
     9.7455E+00     1.0029E-15     0.0000E+00
     9.8602E+00     1.0029E-15     0.0000E+00
     9.9748E+00     1.0029E-15     0.0000E+00
     9.9748E+00     1.0029E-15     0.0000E+00
     1.0087E+01     1.0029E-15     0.0000E+00
     1.0199E+01     1.0029E-15     0.0000E+00
     1.0199E+01     1.0029E-15     0.0000E+00
     1.0309E+01     1.0029E-15     0.0000E+00
     1.0418E+01     1.0029E-15     0.0000E+00
     1.0418E+01     1.0029E-15     0.0000E+00
     1.0526E+01     1.0029E-15     0.0000E+00
     1.0633E+01     1.0029E-15     0.0000E+00
     1.0633E+01     1.0029E-15     0.0000E+00
     1.0739E+01     1.0029E-15     0.0000E+00
     1.0844E+01     1.0029E-15     0.0000E+00
     1.0844E+01     1.0029E-15     0.0000E+00
     1.0947E+01     1.0029E-15     0.0000E+00
     1.1050E+01     1.0029E-15     0.0000E+00
     1.1050E+01     1.0029E-15     0.0000E+00
     1.1152E+01     1.0029E-15     0.0000E+00
     1.1253E+01     1.0029E-15     0.0000E+00
     1.1253E+01     1.0029E-15     0.0000E+00
     1.1353E+01     1.0029E-15     0.0000E+00
     1.1452E+01     1.0029E-15     0.0000E+00
     1.1452E+01     1.0029E-15     0.0000E+00
     1.1550E+01     1.0029E-15     0.0000E+00
     1.1648E+01     1.0029E-15     0.0000E+00
     1.1648E+01     1.0029E-15     0.0000E+00
     1.1744E+01     1.0029E-15     0.0000E+00
     1.1841E+01     1.0029E-15     0.0000E+00
     1.1841E+01     1.0029E-15     0.0000E+00
     1.1935E+01     1.0029E-15     0.0000E+00
     1.2030E+01     1.0029E-15     0.0000E+00
     1.2030E+01     1.0029E-15     0.0000E+00
     1.2123E+01     1.0029E-15     0.0000E+00
     1.2217E+01     1.0029E-15     0.0000E+00
     1.2217E+01     1.0029E-15     0.0000E+00
     1.2308E+01     1.0029E-15     0.0000E+00
     1.2400E+01     1.0029E-15     0.0000E+00
     1.2400E+01     1.0029E-15     0.0000E+00
     1.2491E+01     1.0029E-15     0.0000E+00
     1.2581E+01     1.0029E-15     0.0000E+00
     1.2581E+01     1.0029E-15     0.0000E+00
     1.2671E+01     1.0029E-15     0.0000E+00
     1.2760E+01     1.0029E-15     0.0000E+00
     1.2760E+01     1.0029E-15     0.0000E+00
     1.2848E+01     1.0029E-15     0.0000E+00
     1.2936E+01     1.0029E-15     0.0000E+00
     1.2936E+01     1.0029E-05     0.0000E+00
     1.3023E+01     1.0029E-05     1.0028E-05
     1.3110E+01     1.0029E-05     0.0000E+00
     1.3110E+01     1.0029E-15     0.0000E+00
     1.3195E+01     1.0029E-15     0.0000E+00
     1.3281E+01     1.0029E-15     0.0000E+00
     1.3281E+01     1.0029E-15     0.0000E+00
     1.3365E+01     1.0029E-15     0.0000E+00
     1.3450E+01     1.0029E-15     0.0000E+00
     1.3450E+01     1.0029E-15     0.0000E+00
     1.3534E+01     1.0029E-15     0.0000E+00
     1.3617E+01     1.0029E-15     0.0000E+00
     1.3617E+01     1.0029E-15     0.0000E+00
     1.3700E+01     1.0029E-15     0.0000E+00
     1.3782E+01     1.0029E-15     0.0000E+00
     1.3782E+01     1.0029E-15     0.0000E+00
     1.3864E+01     1.0029E-15     0.0000E+00
     1.3945E+01     1.0029E-15     0.0000E+00
     1.3945E+01     1.0029E-15     0.0000E+00
     1.4026E+01     1.0029E-15     0.0000E+00
     1.4107E+01     1.0029E-15     0.0000E+00
     1.4107E+01     1.0029E-15     0.0000E+00
     1.4186E+01     1.0029E-15     0.0000E+00
     1.4266E+01     1.0029E-15     0.0000E+00
     1.4266E+01     1.0029E-15     0.0000E+00
     1.4345E+01     1.0029E-15     0.0000E+00
     1.4424E+01     1.0029E-15     0.0000E+00
     1.4424E+01     1.0029E-15     0.0000E+00
     1.4502E+01     1.0029E-15     0.0000E+00
     1.4580E+01     1.0029E-15     0.0000E+00
     1.4580E+01     1.0029E-15     0.0000E+00
     1.4657E+01     1.0029E-15     0.0000E+00
     1.4734E+01     1.0029E-15     0.0000E+00
     1.4734E+01     1.0029E-15     0.0000E+00
     1.4810E+01     1.0029E-15     0.0000E+00
     1.4887E+01     1.0029E-15     0.0000E+00
     1.4887E+01     1.0029E-15     0.0000E+00
     1.4962E+01     1.0029E-15     0.0000E+00
     1.5038E+01     1.0029E-15     0.0000E+00
     1.5038E+01     1.0029E-15     0.0000E+00
     1.5112E+01     1.0029E-15     0.0000E+00
     1.5187E+01     1.0029E-15     0.0000E+00
     1.5187E+01     1.0029E-15     0.0000E+00
     1.5261E+01     1.0029E-15     0.0000E+00
     1.5335E+01     1.0029E-15     0.0000E+00
     1.5335E+01     1.0029E-15     0.0000E+00
     1.5409E+01     1.0029E-15     0.0000E+00
     1.5482E+01     1.0029E-15     0.0000E+00
     1.5482E+01     1.0029E-15     0.0000E+00
     1.5555E+01     1.0029E-15     0.0000E+00
     1.5628E+01     1.0029E-15     0.0000E+00
     1.5628E+01     1.0029E-15     0.0000E+00
     1.5700E+01     1.0029E-15     0.0000E+00
     1.5772E+01     1.0029E-15     0.0000E+00
     1.5772E+01     1.0029E-15     0.0000E+00
     1.5843E+01     1.0029E-15     0.0000E+00
     1.5914E+01     1.0029E-15     0.0000E+00
     1.5914E+01     1.0029E-15     0.0000E+00
     1.5985E+01     1.0029E-15     0.0000E+00
     1.6056E+01     1.0029E-15     0.0000E+00
     1.6056E+01     1.0029E-15     0.0000E+00
     1.6126E+01     1.0029E-15     0.0000E+00
     1.6196E+01     1.0029E-15     0.0000E+00
     1.6196E+01     1.0029E-15     0.0000E+00
     1.6266E+01     1.0029E-15     0.0000E+00
     1.6335E+01     1.0029E-15     0.0000E+00
     1.6335E+01     1.0029E-15     0.0000E+00
     1.6404E+01     1.0029E-15     0.0000E+00
     1.6473E+01     1.0029E-15     0.0000E+00
     1.6473E+01     1.0029E-15     0.0000E+00
     1.6541E+01     1.0029E-15     0.0000E+00
     1.6610E+01     1.0029E-15     0.0000E+00
     1.6610E+01     1.0029E-15     0.0000E+00
     1.6677E+01     1.0029E-15     0.0000E+00
     1.6745E+01     1.0029E-15     0.0000E+00
     1.6745E+01     1.0029E-15     0.0000E+00
     1.6812E+01     1.0029E-15     0.0000E+00
     1.6880E+01     1.0029E-15     0.0000E+00
     1.6880E+01     1.0029E-15     0.0000E+00
     1.6946E+01     1.0029E-15     0.0000E+00
     1.7013E+01     1.0029E-15     0.0000E+00
     1.7013E+01     1.0029E-15     0.0000E+00
     1.7079E+01     1.0029E-15     0.0000E+00
     1.7146E+01     1.0029E-15     0.0000E+00
     1.7146E+01     1.0029E-15     0.0000E+00
     1.7211E+01     1.0029E-15     0.0000E+00
     1.7277E+01     1.0029E-15     0.0000E+00
     1.7277E+01     1.0029E-15     0.0000E+00
     1.7342E+01     1.0029E-15     0.0000E+00
     1.7407E+01     1.0029E-15     0.0000E+00
     1.7407E+01     1.0029E-15     0.0000E+00
     1.7472E+01     1.0029E-15     0.0000E+00
     1.7537E+01     1.0029E-15     0.0000E+00
     1.7537E+01     1.0029E-15     0.0000E+00
     1.7601E+01     1.0029E-15     0.0000E+00
     1.7665E+01     1.0029E-15     0.0000E+00
     1.7665E+01     1.0029E-15     0.0000E+00
     1.7729E+01     1.0029E-15     0.0000E+00
     1.7793E+01     1.0029E-15     0.0000E+00
     1.7793E+01     1.0029E-15     0.0000E+00
     1.7856E+01     1.0029E-15     0.0000E+00
     1.7919E+01     1.0029E-15     0.0000E+00
     1.7919E+01     1.0029E-15     0.0000E+00
     1.7982E+01     1.0029E-15     0.0000E+00
     1.8045E+01     1.0029E-15     0.0000E+00
     1.8045E+01     1.0029E-15     0.0000E+00
     1.8108E+01     1.0029E-15     0.0000E+00
     1.8170E+01     1.0029E-15     0.0000E+00
     1.8170E+01     1.0029E-15     0.0000E+00
     1.8232E+01     1.0029E-15     0.0000E+00
     1.8294E+01     1.0029E-15     0.0000E+00
     1.8294E+01     1.0029E-15     0.0000E+00
     1.8356E+01     1.0029E-15     0.0000E+00
     1.8417E+01     1.0029E-15     0.0000E+00
     1.8417E+01     1.0029E-15     0.0000E+00
     1.8478E+01     1.0029E-15     0.0000E+00
     1.8540E+01     1.0029E-15     0.0000E+00
     1.8540E+01     1.0029E-15     0.0000E+00
     1.8600E+01     1.0029E-15     0.0000E+00
     1.8661E+01     1.0029E-15     0.0000E+00
     1.8661E+01     1.0029E-15     0.0000E+00
     1.8722E+01     1.0029E-15     0.0000E+00
     1.8782E+01     1.0029E-15     0.0000E+00
     1.8782E+01     1.0029E-15     0.0000E+00
     1.8842E+01     1.0029E-15     0.0000E+00
     1.8902E+01     1.0029E-15     0.0000E+00
     1.8902E+01     1.0029E-15     0.0000E+00
     1.8962E+01     1.0029E-15     0.0000E+00
     1.9021E+01     1.0029E-15     0.0000E+00
     1.9021E+01     1.0029E-15     0.0000E+00
     1.9081E+01     1.0029E-15     0.0000E+00
     1.9140E+01     1.0029E-15     0.0000E+00
     1.9140E+01     1.0029E-15     0.0000E+00
     1.9199E+01     1.0029E-15     0.0000E+00
     1.9258E+01     1.0029E-15     0.0000E+00
     1.9258E+01     1.0029E-15     0.0000E+00
     1.9316E+01     1.0029E-15     0.0000E+00
     1.9375E+01     1.0029E-15     0.0000E+00
     1.9375E+01     1.0029E-15     0.0000E+00
     1.9433E+01     1.0029E-15     0.0000E+00
     1.9491E+01     1.0029E-15     0.0000E+00
     1.9491E+01     1.0029E-15     0.0000E+00
     1.9549E+01     1.0029E-15     0.0000E+00
     1.9607E+01     1.0029E-15     0.0000E+00
     1.9607E+01     1.0029E-15     0.0000E+00
     1.9664E+01     1.0029E-15     0.0000E+00
     1.9722E+01     1.0029E-15     0.0000E+00
     1.9722E+01     1.0029E-15     0.0000E+00
     1.9779E+01     1.0029E-15     0.0000E+00
     1.9836E+01     1.0029E-15     0.0000E+00
     1.9836E+01     1.0029E-15     0.0000E+00
     1.9893E+01     1.0029E-15     0.0000E+00
     1.9950E+01     1.0029E-15     0.0000E+00
     1.9950E+01     1.0029E-15     0.0000E+00
     2.0006E+01     1.0029E-15     0.0000E+00
     2.0063E+01     1.0029E-15     0.0000E+00
     2.0063E+01     1.0029E-15     0.0000E+00
     2.0119E+01     1.0029E-15     0.0000E+00
     2.0175E+01     1.0029E-15     0.0000E+00
     2.0175E+01     1.0029E-15     0.0000E+00
     2.0231E+01     1.0029E-15     0.0000E+00
     2.0287E+01     1.0029E-15     0.0000E+00
     2.0287E+01     1.0029E-15     0.0000E+00
     2.0342E+01     1.0029E-15     0.0000E+00
     2.0398E+01     1.0029E-15     0.0000E+00
     2.0398E+01     1.0029E-15     0.0000E+00
     2.0453E+01     1.0029E-15     0.0000E+00
     2.0509E+01     1.0029E-15     0.0000E+00
     2.0509E+01     1.0029E-15     0.0000E+00
     2.0564E+01     1.0029E-15     0.0000E+00
     2.0619E+01     1.0029E-15     0.0000E+00
     2.0619E+01     1.0029E-15     0.0000E+00
     2.0673E+01     1.0029E-15     0.0000E+00
     2.0728E+01     1.0029E-15     0.0000E+00
     2.0728E+01     1.0029E-15     0.0000E+00
     2.0782E+01     1.0029E-15     0.0000E+00
     2.0837E+01     1.0029E-15     0.0000E+00
     2.0837E+01     1.0029E-15     0.0000E+00
     2.0891E+01     1.0029E-15     0.0000E+00
     2.0945E+01     1.0029E-15     0.0000E+00
     2.0945E+01     1.0029E-15     0.0000E+00
     2.0999E+01     1.0029E-15     0.0000E+00
     2.1053E+01     1.0029E-15     0.0000E+00
     2.1053E+01     1.0029E-15     0.0000E+00
     2.1106E+01     1.0029E-15     0.0000E+00
     2.1160E+01     1.0029E-15     0.0000E+00
     2.1160E+01     1.0029E-15     0.0000E+00
     2.1213E+01     1.0029E-15     0.0000E+00
     2.1266E+01     1.0029E-15     0.0000E+00
     2.1266E+01     1.0029E-15     0.0000E+00
     2.1319E+01     1.0029E-15     0.0000E+00
     2.1373E+01     1.0029E-15     0.0000E+00
     2.1373E+01     1.0029E-15     0.0000E+00
     2.1425E+01     1.0029E-15     0.0000E+00
     2.1478E+01     1.0029E-15     0.0000E+00
     2.1478E+01     1.0029E-15     0.0000E+00
     2.1531E+01     1.0029E-15     0.0000E+00
     2.1583E+01     1.0029E-15     0.0000E+00
     2.1583E+01     1.0029E-15     0.0000E+00
     2.1635E+01     1.0029E-15     0.0000E+00
     2.1688E+01     1.0029E-15     0.0000E+00
     2.1688E+01     1.0029E-15     0.0000E+00
     2.1740E+01     1.0029E-15     0.0000E+00
     2.1792E+01     1.0029E-15     0.0000E+00
     2.1792E+01     1.0029E-15     0.0000E+00
     2.1843E+01     1.0029E-15     0.0000E+00
     2.1895E+01     1.0029E-15     0.0000E+00
     2.1895E+01     1.0029E-15     0.0000E+00
     2.1947E+01     1.0029E-15     0.0000E+00
     2.1998E+01     1.0029E-15     0.0000E+00
     2.1998E+01     1.0029E-15     0.0000E+00
     2.2049E+01     1.0029E-15     0.0000E+00
     2.2101E+01     1.0029E-15     0.0000E+00
     2.2101E+01     1.0029E-15     0.0000E+00
     2.2152E+01     1.0029E-15     0.0000E+00
     2.2203E+01     1.0029E-15     0.0000E+00
     2.2203E+01     1.0029E-15     0.0000E+00
     2.2254E+01     1.0029E-15     0.0000E+00
     2.2304E+01     1.0029E-15     0.0000E+00
     2.2304E+01     1.0029E-15     0.0000E+00
     2.2355E+01     1.0029E-15     0.0000E+00
     2.2406E+01     1.0029E-15     0.0000E+00
     2.2406E+01     1.0029E-15     0.0000E+00
     2.2456E+01     1.0029E-15     0.0000E+00
     2.2506E+01     1.0029E-15     0.0000E+00
     2.2506E+01     1.0029E-15     0.0000E+00
     2.2556E+01     1.0029E-15     0.0000E+00
     2.2607E+01     1.0029E-15     0.0000E+00
     2.2607E+01     1.0029E-15     0.0000E+00
     2.2656E+01     1.0029E-15     0.0000E+00
     2.2706E+01     1.0029E-15     0.0000E+00
     2.2706E+01     1.0029E-15     0.0000E+00
     2.2756E+01     1.0029E-15     0.0000E+00
     2.2806E+01     1.0029E-15     0.0000E+00
     2.2806E+01     1.0029E-15     0.0000E+00
     2.2855E+01     1.0029E-15     0.0000E+00
     2.2905E+01     1.0029E-15     0.0000E+00
     2.2905E+01     1.0029E-15     0.0000E+00
     2.2954E+01     1.0029E-15     0.0000E+00
     2.3003E+01     1.0029E-15     0.0000E+00
     2.3003E+01     1.0029E-15     0.0000E+00
     2.3052E+01     1.0029E-15     0.0000E+00
     2.3101E+01     1.0029E-15     0.0000E+00
     2.3101E+01     1.0029E-15     0.0000E+00
     2.3150E+01     1.0029E-15     0.0000E+00
     2.3199E+01     1.0029E-15     0.0000E+00
     2.3199E+01     1.0029E-15     0.0000E+00
     2.3248E+01     1.0029E-15     0.0000E+00
     2.3296E+01     1.0029E-15     0.0000E+00
     2.3296E+01     1.0029E-15     0.0000E+00
     2.3345E+01     1.0029E-15     0.0000E+00
     2.3393E+01     1.0029E-15     0.0000E+00
     2.3393E+01     1.0029E-15     0.0000E+00
     2.3441E+01     1.0029E-15     0.0000E+00
     2.3490E+01     1.0029E-15     0.0000E+00
     2.3490E+01     1.0029E-15     0.0000E+00
     2.3538E+01     1.0029E-15     0.0000E+00
     2.3586E+01     1.0029E-15     0.0000E+00
     2.3586E+01     1.0029E-15     0.0000E+00
     2.3633E+01     1.0029E-15     0.0000E+00
     2.3681E+01     1.0029E-15     0.0000E+00
     2.3681E+01     1.0029E-15     0.0000E+00
     2.3729E+01     1.0029E-15     0.0000E+00
     2.3777E+01     1.0029E-15     0.0000E+00
     2.3777E+01     1.0029E-15     0.0000E+00
     2.3824E+01     1.0029E-15     0.0000E+00
     2.3872E+01     1.0029E-15     0.0000E+00
     2.3872E+01     1.0029E-15     0.0000E+00
     2.3919E+01     1.0029E-15     0.0000E+00
     2.3966E+01     1.0029E-15     0.0000E+00
     2.3966E+01     1.0029E-15     0.0000E+00
     2.4013E+01     1.0029E-15     0.0000E+00
     2.4060E+01     1.0029E-15     0.0000E+00
     2.4060E+01     1.0029E-15     0.0000E+00
     2.4107E+01     1.0029E-15     0.0000E+00
     2.4154E+01     1.0029E-15     0.0000E+00
     2.4154E+01     1.0029E-15     0.0000E+00
     2.4201E+01     1.0029E-15     0.0000E+00
     2.4247E+01     1.0029E-15     0.0000E+00
     2.4247E+01     1.0029E-15     0.0000E+00
     2.4294E+01     1.0029E-15     0.0000E+00
     2.4341E+01     1.0029E-15     0.0000E+00
     2.4341E+01     1.0029E-15     0.0000E+00
     2.4387E+01     1.0029E-15     0.0000E+00
     2.4433E+01     1.0029E-15     0.0000E+00
     2.4433E+01     1.0029E-15     0.0000E+00
     2.4479E+01     1.0029E-15     0.0000E+00
     2.4526E+01     1.0029E-15     0.0000E+00
     2.4526E+01     1.0029E-15     0.0000E+00
     2.4572E+01     1.0029E-15     0.0000E+00
     2.4618E+01     1.0029E-15     0.0000E+00
     2.4618E+01     1.0029E-15     0.0000E+00
     2.4664E+01     1.0029E-15     0.0000E+00
     2.4709E+01     1.0029E-15     0.0000E+00
     2.4709E+01     1.0029E-15     0.0000E+00
     2.4755E+01     1.0029E-15     0.0000E+00
     2.4801E+01     1.0029E-15     0.0000E+00
     2.4801E+01     1.0029E-15     0.0000E+00
     2.4846E+01     1.0029E-15     0.0000E+00
     2.4892E+01     1.0029E-15     0.0000E+00
     2.4892E+01     1.0029E-15     0.0000E+00
     2.4937E+01     1.0029E-15     0.0000E+00
     2.4982E+01     1.0029E-15     0.0000E+00
     2.4982E+01     1.0029E-15     0.0000E+00
     2.5028E+01     1.0029E-15     0.0000E+00
     2.5073E+01     1.0029E-15     0.0000E+00
     2.5073E+01     1.0029E-15     0.0000E+00
     2.5118E+01     1.0029E-15     0.0000E+00
     2.5163E+01     1.0029E-15     0.0000E+00
     2.5163E+01     1.0029E-15     0.0000E+00
     2.5208E+01     1.0029E-15     0.0000E+00
     2.5252E+01     1.0029E-15     0.0000E+00
     2.5252E+01     1.0029E-15     0.0000E+00
     2.5297E+01     1.0029E-15     0.0000E+00
     2.5342E+01     1.0029E-15     0.0000E+00
     2.5342E+01     1.0029E-15     0.0000E+00
     2.5386E+01     1.0029E-15     0.0000E+00
     2.5431E+01     1.0029E-15     0.0000E+00
     2.5431E+01     1.0029E-15     0.0000E+00
     2.5475E+01     1.0029E-15     0.0000E+00
     2.5520E+01     1.0029E-15     0.0000E+00
     2.5520E+01     1.0029E-15     0.0000E+00
     2.5564E+01     1.0029E-15     0.0000E+00
     2.5608E+01     1.0029E-15     0.0000E+00
     2.5608E+01     1.0029E-15     0.0000E+00
     2.5652E+01     1.0029E-15     0.0000E+00
     2.5696E+01     1.0029E-15     0.0000E+00
     2.5696E+01     1.0029E-15     0.0000E+00
     2.5740E+01     1.0029E-15     0.0000E+00
     2.5784E+01     1.0029E-15     0.0000E+00
     2.5784E+01     1.0029E-15     0.0000E+00
     2.5828E+01     1.0029E-15     0.0000E+00
     2.5872E+01     1.0029E-15     0.0000E+00
     2.5872E+01     1.0029E-15     0.0000E+00
     2.5915E+01     1.0029E-15     0.0000E+00
     2.5959E+01     1.0029E-15     0.0000E+00
     2.5959E+01     1.0029E-15     0.0000E+00
     2.6002E+01     1.0029E-15     0.0000E+00
     2.6046E+01     1.0029E-15     0.0000E+00
     2.6046E+01     1.0029E-15     0.0000E+00
     2.6089E+01     1.0029E-15     0.0000E+00
     2.6133E+01     1.0029E-15     0.0000E+00
     2.6133E+01     1.0029E-15     0.0000E+00
     2.6176E+01     1.0029E-15     0.0000E+00
     2.6219E+01     1.0029E-15     0.0000E+00
     2.6219E+01     1.0029E-15     0.0000E+00
     2.6262E+01     1.0029E-15     0.0000E+00
     2.6305E+01     1.0029E-15     0.0000E+00
     2.6305E+01     1.0029E-15     0.0000E+00
     2.6348E+01     1.0029E-15     0.0000E+00
     2.6391E+01     1.0029E-15     0.0000E+00
     2.6391E+01     1.0029E-15     0.0000E+00
     2.6434E+01     1.0029E-15     0.0000E+00
     2.6477E+01     1.0029E-15     0.0000E+00
     2.6477E+01     1.0029E-15     0.0000E+00
     2.6519E+01     1.0029E-15     0.0000E+00
     2.6562E+01     1.0029E-15     0.0000E+00
     2.6562E+01     1.0029E-15     0.0000E+00
     2.6604E+01     1.0029E-15     0.0000E+00
     2.6647E+01     1.0029E-15     0.0000E+00
     2.6647E+01     1.0029E-15     0.0000E+00
     2.6689E+01     1.0029E-15     0.0000E+00
     2.6731E+01     1.0029E-15     0.0000E+00
     2.6731E+01     1.0029E-15     0.0000E+00
     2.6774E+01     1.0029E-15     0.0000E+00
     2.6816E+01     1.0029E-15     0.0000E+00
     2.6816E+01     1.0029E-15     0.0000E+00
     2.6858E+01     1.0029E-15     0.0000E+00
     2.6900E+01     1.0029E-15     0.0000E+00
     2.6900E+01     1.0029E-15     0.0000E+00
     2.6942E+01     1.0029E-15     0.0000E+00
     2.6984E+01     1.0029E-15     0.0000E+00
     2.6984E+01     1.0029E-15     0.0000E+00
     2.7026E+01     1.0029E-15     0.0000E+00
     2.7068E+01     1.0029E-15     0.0000E+00
     2.7068E+01     1.0029E-15     0.0000E+00
     2.7109E+01     1.0029E-15     0.0000E+00
     2.7151E+01     1.0029E-15     0.0000E+00
     2.7151E+01     1.0029E-15     0.0000E+00
     2.7193E+01     1.0029E-15     0.0000E+00
     2.7234E+01     1.0029E-15     0.0000E+00
     2.7234E+01     1.0029E-15     0.0000E+00
     2.7276E+01     1.0029E-15     0.0000E+00
     2.7317E+01     1.0029E-15     0.0000E+00
     2.7317E+01     1.0029E-15     0.0000E+00
     2.7359E+01     1.0029E-15     0.0000E+00
     2.7400E+01     1.0029E-15     0.0000E+00
     2.7400E+01     1.0029E-15     0.0000E+00
     2.7441E+01     1.0029E-15     0.0000E+00
     2.7482E+01     1.0029E-15     0.0000E+00
     2.7482E+01     1.0029E-15     0.0000E+00
     2.7523E+01     1.0029E-15     0.0000E+00
     2.7564E+01     1.0029E-15     0.0000E+00
     2.7564E+01     1.0029E-15     0.0000E+00
     2.7605E+01     1.0029E-15     0.0000E+00
     2.7646E+01     1.0029E-15     0.0000E+00
     2.7646E+01     1.0029E-15     0.0000E+00
     2.7687E+01     1.0029E-15     0.0000E+00
     2.7728E+01     1.0029E-15     0.0000E+00
     2.7728E+01     1.0029E-15     0.0000E+00
     2.7769E+01     1.0029E-15     0.0000E+00
     2.7809E+01     1.0029E-15     0.0000E+00
     2.7809E+01     1.0029E-15     0.0000E+00
     2.7850E+01     1.0029E-15     0.0000E+00
     2.7891E+01     1.0029E-15     0.0000E+00
     2.7891E+01     1.0029E-15     0.0000E+00
     2.7931E+01     1.0029E-15     0.0000E+00
     2.7972E+01     1.0029E-15     0.0000E+00
     2.7972E+01     1.0029E-15     0.0000E+00
     2.8012E+01     1.0029E-15     0.0000E+00
     2.8052E+01     1.0029E-15     0.0000E+00
     2.8052E+01     1.0029E-15     0.0000E+00
     2.8093E+01     1.0029E-15     0.0000E+00
     2.8133E+01     1.0029E-15     0.0000E+00
     2.8133E+01     1.0029E-15     0.0000E+00
     2.8173E+01     1.0029E-15     0.0000E+00
     2.8213E+01     1.0029E-15     0.0000E+00
     2.8213E+01     1.0029E-15     0.0000E+00
     2.8253E+01     1.0029E-15     0.0000E+00
     2.8293E+01     1.0029E-15     0.0000E+00
     2.8293E+01     1.0029E-15     0.0000E+00
     2.8333E+01     1.0029E-15     0.0000E+00
     2.8373E+01     1.0029E-15     0.0000E+00
     2.8373E+01     1.0029E-15     0.0000E+00
     2.8413E+01     1.0029E-15     0.0000E+00
     2.8453E+01     1.0029E-15     0.0000E+00
     2.8453E+01     1.0029E-15     0.0000E+00
     2.8492E+01     1.0029E-15     0.0000E+00
     2.8532E+01     1.0029E-15     0.0000E+00
     2.8532E+01     1.0029E-15     0.0000E+00
     2.8571E+01     1.0029E-15     0.0000E+00
     2.8611E+01     1.0029E-15     0.0000E+00
     2.8611E+01     1.0029E-15     0.0000E+00
     2.8651E+01     1.0029E-15     0.0000E+00
     2.8690E+01     1.0029E-15     0.0000E+00
     2.8690E+01     1.0029E-15     0.0000E+00
     2.8729E+01     1.0029E-15     0.0000E+00
     2.8769E+01     1.0029E-15     0.0000E+00
     2.8769E+01     1.0029E-15     0.0000E+00
     2.8808E+01     1.0029E-15     0.0000E+00
     2.8847E+01     1.0029E-15     0.0000E+00
     2.8847E+01     1.0029E-15     0.0000E+00
     2.8886E+01     1.0029E-15     0.0000E+00
     2.8925E+01     1.0029E-15     0.0000E+00
     2.8925E+01     1.0029E-15     0.0000E+00
     2.8965E+01     1.0029E-15     0.0000E+00
     2.9004E+01     1.0029E-15     0.0000E+00
     2.9004E+01     1.0029E-15     0.0000E+00
     2.9042E+01     1.0029E-15     0.0000E+00
     2.9081E+01     1.0029E-15     0.0000E+00
     2.9081E+01     1.0029E-15     0.0000E+00
     2.9120E+01     1.0029E-15     0.0000E+00
     2.9159E+01     1.0029E-15     0.0000E+00
     2.9159E+01     1.0029E-15     0.0000E+00
     2.9198E+01     1.0029E-15     0.0000E+00
     2.9237E+01     1.0029E-15     0.0000E+00
     2.9237E+01     1.0029E-15     0.0000E+00
     2.9275E+01     1.0029E-15     0.0000E+00
     2.9314E+01     1.0029E-15     0.0000E+00
     2.9314E+01     1.0029E-15     0.0000E+00
     2.9352E+01     1.0029E-15     0.0000E+00
     2.9391E+01     1.0029E-15     0.0000E+00
     2.9391E+01     1.0029E-15     0.0000E+00
     2.9429E+01     1.0029E-15     0.0000E+00
     2.9468E+01     1.0029E-15     0.0000E+00
     2.9468E+01     1.0029E-15     0.0000E+00
     2.9506E+01     1.0029E-15     0.0000E+00
     2.9544E+01     1.0029E-15     0.0000E+00
     2.9544E+01     1.0029E-15     0.0000E+00
     2.9582E+01     1.0029E-15     0.0000E+00
     2.9621E+01     1.0029E-15     0.0000E+00
     2.9621E+01     1.0029E-15     0.0000E+00
     2.9659E+01     1.0029E-15     0.0000E+00
     2.9697E+01     1.0029E-15     0.0000E+00
     2.9697E+01     1.0029E-15     0.0000E+00
     2.9735E+01     1.0029E-15     0.0000E+00
     2.9773E+01     1.0029E-15     0.0000E+00
     2.9773E+01     1.0029E-15     0.0000E+00
     2.9811E+01     1.0029E-15     0.0000E+00
     2.9849E+01     1.0029E-15     0.0000E+00
     2.9849E+01     1.0029E-15     0.0000E+00
     2.9887E+01     1.0029E-15     0.0000E+00
     2.9925E+01     1.0029E-15     0.0000E+00
     2.9925E+01     1.0029E-15     0.0000E+00
     2.9962E+01     1.0029E-15     0.0000E+00
     3.0000E+01     1.0029E-15     0.0000E+00
     3.0000E+01     1.0029E-20     0.0000E+00
&
