@g0 type xy 
@    title "fluence vs position"
@    subtitle "/home/miia/EGSnrc/egs_home/BEAM_EX10MeVe/EX10MeVe1.egsphsp1"
@    legend on
@    legend box linestyle 0
@    legend x1 0.6
@    legend y1 0.75
@    view xmin 0.250000
@    xaxis  label "X /cm"
@    timestamp on
@    yaxis  label "fluence/incident particle /cm\\S-2\\N"
@    s0 on
@    legend string  0 "IQ =2  NO LATCH CHECK"
@    s0 errorbar length 0.000000
@    s0 symbol color 1
@TYPE xydy
     1.0633E-10     4.4544E-20     0.0000E+00
     1.0633E-10     1.2083E-03     0.0000E+00
     5.3166E-01     1.2083E-03     2.3939E-04
     1.0633E+00     1.2083E-03     0.0000E+00
     1.0633E+00     9.8818E-04     0.0000E+00
     1.2835E+00     9.8818E-04     2.1055E-04
     1.5038E+00     9.8818E-04     0.0000E+00
     1.5038E+00     8.4595E-04     0.0000E+00
     1.6727E+00     8.4595E-04     2.0188E-04
     1.8417E+00     8.4595E-04     0.0000E+00
     1.8417E+00     7.1560E-04     0.0000E+00
     1.9842E+00     7.1560E-04     1.8854E-04
     2.1266E+00     7.1560E-04     0.0000E+00
     2.1266E+00     8.6141E-04     0.0000E+00
     2.2522E+00     8.6141E-04     1.9767E-04
     2.3777E+00     8.6141E-04     0.0000E+00
     2.3777E+00     9.5291E-04     0.0000E+00
     2.4911E+00     9.5291E-04     2.0793E-04
     2.6046E+00     9.5291E-04     0.0000E+00
     2.6046E+00     3.9092E-04     0.0000E+00
     2.7089E+00     3.9092E-04     1.4152E-04
     2.8133E+00     3.9092E-04     0.0000E+00
     2.8133E+00     1.3265E-03     0.0000E+00
     2.9104E+00     1.3265E-03     2.5494E-04
     3.0075E+00     1.3265E-03     0.0000E+00
     3.0075E+00     1.0927E-03     0.0000E+00
     3.0987E+00     1.0927E-03     2.3064E-04
     3.1900E+00     1.0927E-03     0.0000E+00
     3.1900E+00     8.1185E-04     0.0000E+00
     3.2762E+00     8.1185E-04     1.9136E-04
     3.3625E+00     8.1185E-04     0.0000E+00
     3.3625E+00     5.7930E-04     0.0000E+00
     3.4446E+00     5.7930E-04     1.6051E-04
     3.5266E+00     5.7930E-04     0.0000E+00
     3.5266E+00     6.8210E-04     0.0000E+00
     3.6050E+00     6.8210E-04     1.7609E-04
     3.6835E+00     6.8210E-04     0.0000E+00
     3.6835E+00     7.4026E-04     0.0000E+00
     3.7587E+00     7.4026E-04     1.8643E-04
     3.8339E+00     7.4026E-04     0.0000E+00
     3.8339E+00     8.0069E-04     0.0000E+00
     3.9062E+00     8.0069E-04     1.8842E-04
     3.9786E+00     8.0069E-04     0.0000E+00
     3.9786E+00     1.0063E-03     0.0000E+00
     4.0484E+00     1.0063E-03     2.1562E-04
     4.1182E+00     1.0063E-03     0.0000E+00
     4.1182E+00     5.5425E-04     0.0000E+00
     4.1858E+00     5.5425E-04     1.6050E-04
     4.2533E+00     5.5425E-04     0.0000E+00
     4.2533E+00     8.5593E-04     0.0000E+00
     4.3187E+00     8.5593E-04     1.9622E-04
     4.3842E+00     8.5593E-04     0.0000E+00
     4.3842E+00     1.0064E-03     0.0000E+00
     4.4477E+00     1.0064E-03     2.1490E-04
     4.5113E+00     1.0064E-03     0.0000E+00
     4.5113E+00     8.3964E-04     0.0000E+00
     4.5731E+00     8.3964E-04     2.1303E-04
     4.6349E+00     8.3964E-04     0.0000E+00
     4.6349E+00     9.7510E-04     0.0000E+00
     4.6951E+00     9.7510E-04     2.0746E-04
     4.7553E+00     9.7510E-04     0.0000E+00
     4.7553E+00     5.9112E-04     0.0000E+00
     4.8140E+00     5.9112E-04     1.6434E-04
     4.8728E+00     5.9112E-04     0.0000E+00
     4.8728E+00     7.7153E-04     0.0000E+00
     4.9301E+00     7.7153E-04     1.8720E-04
     4.9874E+00     7.7153E-04     0.0000E+00
     4.9874E+00     4.4928E-04     0.0000E+00
     5.0435E+00     4.4928E-04     1.4198E-04
     5.0995E+00     4.4928E-04     0.0000E+00
     5.0995E+00     4.6102E-04     0.0000E+00
     5.1544E+00     4.6102E-04     1.4631E-04
     5.2092E+00     4.6102E-04     0.0000E+00
     5.2092E+00     2.7427E-04     0.0000E+00
     5.2629E+00     2.7427E-04     1.1204E-04
     5.3166E+00     2.7427E-04     0.0000E+00
     5.3166E+00     3.3803E-04     0.0000E+00
     5.3693E+00     3.3803E-04     1.2857E-04
     5.4219E+00     3.3803E-04     0.0000E+00
     5.4219E+00     2.1297E-04     0.0000E+00
     5.4735E+00     2.1297E-04     1.0896E-04
     5.5252E+00     2.1297E-04     0.0000E+00
     5.5252E+00     2.9848E-04     0.0000E+00
     5.5759E+00     2.9848E-04     1.2267E-04
     5.6266E+00     2.9848E-04     0.0000E+00
     5.6266E+00     1.3297E-04     0.0000E+00
     5.6764E+00     1.3297E-04     7.6758E-05
     5.7262E+00     1.3297E-04     0.0000E+00
     5.7262E+00     1.5654E-04     0.0000E+00
     5.7751E+00     1.5654E-04     9.2351E-05
     5.8241E+00     1.5654E-04     0.0000E+00
     5.8241E+00     4.4544E-15     0.0000E+00
     5.8722E+00     4.4544E-15     0.0000E+00
     5.9203E+00     4.4544E-15     0.0000E+00
     5.9203E+00     2.3023E-04     0.0000E+00
     5.9677E+00     2.3023E-04     1.0317E-04
     6.0151E+00     2.3023E-04     0.0000E+00
     6.0151E+00     1.7941E-04     0.0000E+00
     6.0617E+00     1.7941E-04     8.9690E-05
     6.1083E+00     1.7941E-04     0.0000E+00
     6.1083E+00     2.8841E-04     0.0000E+00
     6.1542E+00     2.8841E-04     1.1853E-04
     6.2002E+00     2.8841E-04     0.0000E+00
     6.2002E+00     6.0592E-04     0.0000E+00
     6.2454E+00     6.0592E-04     1.8081E-04
     6.2907E+00     6.0592E-04     0.0000E+00
     6.2907E+00     3.1356E-04     0.0000E+00
     6.3353E+00     3.1356E-04     1.1847E-04
     6.3799E+00     3.1356E-04     0.0000E+00
     6.3799E+00     1.7766E-04     0.0000E+00
     6.4239E+00     1.7766E-04     8.8802E-05
     6.4679E+00     1.7766E-04     0.0000E+00
     6.4679E+00     4.7634E-04     0.0000E+00
     6.5113E+00     4.7634E-04     1.7579E-04
     6.5548E+00     4.7634E-04     0.0000E+00
     6.5548E+00     2.9511E-04     0.0000E+00
     6.5976E+00     2.9511E-04     1.4314E-04
     6.6404E+00     2.9511E-04     0.0000E+00
     6.6404E+00     4.7849E-04     0.0000E+00
     6.6827E+00     4.7849E-04     1.8056E-04
     6.7250E+00     4.7849E-04     0.0000E+00
     6.7250E+00     1.8922E-04     0.0000E+00
     6.7668E+00     1.8922E-04     9.4821E-05
     6.8086E+00     1.8922E-04     0.0000E+00
     6.8086E+00     1.1524E-04     0.0000E+00
     6.8498E+00     1.1524E-04     8.2527E-05
     6.8911E+00     1.1524E-04     0.0000E+00
     6.8911E+00     5.1709E-04     0.0000E+00
     6.9319E+00     5.1709E-04     1.5688E-04
     6.9727E+00     5.1709E-04     0.0000E+00
     6.9727E+00     3.1578E-04     0.0000E+00
     7.0130E+00     3.1578E-04     1.3086E-04
     7.0533E+00     3.1578E-04     0.0000E+00
     7.0533E+00     3.1168E-04     0.0000E+00
     7.0931E+00     3.1168E-04     1.1774E-04
     7.1330E+00     3.1168E-04     0.0000E+00
     7.1330E+00     2.4434E-04     0.0000E+00
     7.1724E+00     2.4434E-04     1.1011E-04
     7.2118E+00     2.4434E-04     0.0000E+00
     7.2118E+00     2.7877E-04     0.0000E+00
     7.2508E+00     2.7877E-04     1.3095E-04
     7.2898E+00     2.7877E-04     0.0000E+00
     7.2898E+00     8.8725E-05     0.0000E+00
     7.3283E+00     8.8725E-05     6.2732E-05
     7.3669E+00     8.8725E-05     0.0000E+00
     7.3669E+00     2.8260E-04     0.0000E+00
     7.4051E+00     2.8260E-04     1.5508E-04
     7.4433E+00     2.8260E-04     0.0000E+00
     7.4433E+00     8.9023E-05     0.0000E+00
     7.4810E+00     8.9023E-05     6.2942E-05
     7.5188E+00     8.9023E-05     0.0000E+00
     7.5188E+00     1.0291E-04     0.0000E+00
     7.5562E+00     1.0291E-04     7.3456E-05
     7.5936E+00     1.0291E-04     0.0000E+00
     7.5936E+00     8.8827E-05     0.0000E+00
     7.6307E+00     8.8827E-05     6.2804E-05
     7.6677E+00     8.8827E-05     0.0000E+00
     7.6677E+00     1.4672E-04     0.0000E+00
     7.7044E+00     1.4672E-04     8.4857E-05
     7.7411E+00     1.4672E-04     0.0000E+00
     7.7411E+00     1.0115E-04     0.0000E+00
     7.7774E+00     1.0115E-04     7.2032E-05
     7.8138E+00     1.0115E-04     0.0000E+00
     7.8138E+00     2.3395E-04     0.0000E+00
     7.8498E+00     2.3395E-04     1.2080E-04
     7.8858E+00     2.3395E-04     0.0000E+00
     7.8858E+00     4.4544E-15     0.0000E+00
     7.9215E+00     4.4544E-15     0.0000E+00
     7.9572E+00     4.4544E-15     0.0000E+00
     7.9572E+00     4.7394E-05     0.0000E+00
     7.9925E+00     4.7394E-05     4.7389E-05
     8.0279E+00     4.7394E-05     0.0000E+00
     8.0279E+00     2.0045E-04     0.0000E+00
     8.0630E+00     2.0045E-04     1.0160E-04
     8.0980E+00     2.0045E-04     0.0000E+00
     8.0980E+00     1.9512E-04     0.0000E+00
     8.1328E+00     1.9512E-04     9.7674E-05
     8.1675E+00     1.9512E-04     0.0000E+00
     8.1675E+00     3.6460E-04     0.0000E+00
     8.2020E+00     3.6460E-04     1.2893E-04
     8.2365E+00     3.6460E-04     0.0000E+00
     8.2365E+00     1.7841E-04     0.0000E+00
     8.2706E+00     1.7841E-04     8.9179E-05
     8.3048E+00     1.7841E-04     0.0000E+00
     8.3048E+00     1.8723E-04     0.0000E+00
     8.3387E+00     1.8723E-04     9.3933E-05
     8.3726E+00     1.8723E-04     0.0000E+00
     8.3726E+00     1.3349E-04     0.0000E+00
     8.4062E+00     1.3349E-04     7.7057E-05
     8.4399E+00     1.3349E-04     0.0000E+00
     8.4399E+00     2.2541E-04     0.0000E+00
     8.4732E+00     2.2541E-04     1.1769E-04
     8.5066E+00     2.2541E-04     0.0000E+00
     8.5066E+00     1.0502E-04     0.0000E+00
     8.5397E+00     1.0502E-04     7.4656E-05
     8.5728E+00     1.0502E-04     0.0000E+00
     8.5728E+00     1.7997E-04     0.0000E+00
     8.6056E+00     1.7997E-04     8.9966E-05
     8.6385E+00     1.7997E-04     0.0000E+00
     8.6385E+00     2.9347E-04     0.0000E+00
     8.6711E+00     2.9347E-04     1.2177E-04
     8.7037E+00     2.9347E-04     0.0000E+00
     8.7037E+00     9.1244E-05     0.0000E+00
     8.7360E+00     9.1244E-05     6.4533E-05
     8.7684E+00     9.1244E-05     0.0000E+00
     8.7684E+00     2.3112E-04     0.0000E+00
     8.8005E+00     2.3112E-04     1.1739E-04
     8.8326E+00     2.3112E-04     0.0000E+00
     8.8326E+00     1.7960E-04     0.0000E+00
     8.8645E+00     1.7960E-04     8.9784E-05
     8.8964E+00     1.7960E-04     0.0000E+00
     8.8964E+00     2.5961E-04     0.0000E+00
     8.9280E+00     2.5961E-04     1.1883E-04
     8.9597E+00     2.5961E-04     0.0000E+00
     8.9597E+00     2.2793E-04     0.0000E+00
     8.9911E+00     2.2793E-04     1.0193E-04
     9.0226E+00     2.2793E-04     0.0000E+00
     9.0226E+00     2.8212E-04     0.0000E+00
     9.0538E+00     2.8212E-04     1.1580E-04
     9.0850E+00     2.8212E-04     0.0000E+00
     9.0850E+00     1.3559E-04     0.0000E+00
     9.1160E+00     1.3559E-04     7.8274E-05
     9.1470E+00     1.3559E-04     0.0000E+00
     9.1470E+00     9.4096E-05     0.0000E+00
     9.1778E+00     9.4096E-05     6.6629E-05
     9.2086E+00     9.4096E-05     0.0000E+00
     9.2086E+00     4.6373E-05     0.0000E+00
     9.2392E+00     4.6373E-05     4.6368E-05
     9.2698E+00     4.6373E-05     0.0000E+00
     9.2698E+00     8.9039E-05     0.0000E+00
     9.3002E+00     8.9039E-05     6.2954E-05
     9.3306E+00     8.9039E-05     0.0000E+00
     9.3306E+00     4.4544E-05     0.0000E+00
     9.3608E+00     4.4544E-05     4.4539E-05
     9.3910E+00     4.4544E-05     0.0000E+00
     9.3910E+00     8.9323E-05     0.0000E+00
     9.4210E+00     8.9323E-05     6.3154E-05
     9.4510E+00     8.9323E-05     0.0000E+00
     9.4510E+00     1.0597E-04     0.0000E+00
     9.4808E+00     1.0597E-04     7.5070E-05
     9.5106E+00     1.0597E-04     0.0000E+00
     9.5106E+00     1.7870E-04     0.0000E+00
     9.5403E+00     1.7870E-04     8.9324E-05
     9.5699E+00     1.7870E-04     0.0000E+00
     9.5699E+00     1.5855E-04     0.0000E+00
     9.5993E+00     1.5855E-04     1.1421E-04
     9.6288E+00     1.5855E-04     0.0000E+00
     9.6288E+00     4.4668E-05     0.0000E+00
     9.6581E+00     4.4668E-05     4.4663E-05
     9.6873E+00     4.4668E-05     0.0000E+00
     9.6873E+00     2.2449E-04     0.0000E+00
     9.7164E+00     2.2449E-04     1.1298E-04
     9.7455E+00     2.2449E-04     0.0000E+00
     9.7455E+00     9.6789E-05     0.0000E+00
     9.7744E+00     9.6789E-05     6.8621E-05
     9.8033E+00     9.6789E-05     0.0000E+00
     9.8033E+00     1.1090E-04     0.0000E+00
     9.8321E+00     1.1090E-04     7.9865E-05
     9.8608E+00     1.1090E-04     0.0000E+00
     9.8608E+00     1.3728E-04     0.0000E+00
     9.8894E+00     1.3728E-04     7.9294E-05
     9.9180E+00     1.3728E-04     0.0000E+00
     9.9180E+00     4.4544E-15     0.0000E+00
     9.9464E+00     4.4544E-15     0.0000E+00
     9.9748E+00     4.4544E-15     0.0000E+00
     9.9748E+00     1.3837E-04     0.0000E+00
     1.0003E+01     1.3837E-04     7.9922E-05
     1.0031E+01     1.3837E-04     0.0000E+00
     1.0031E+01     1.1357E-04     0.0000E+00
     1.0059E+01     1.1357E-04     8.2163E-05
     1.0088E+01     1.1357E-04     0.0000E+00
     1.0088E+01     4.4544E-15     0.0000E+00
     1.0115E+01     4.4544E-15     0.0000E+00
     1.0143E+01     4.4544E-15     0.0000E+00
     1.0143E+01     4.4544E-15     0.0000E+00
     1.0171E+01     4.4544E-15     0.0000E+00
     1.0199E+01     4.4544E-15     0.0000E+00
     1.0199E+01     4.4544E-15     0.0000E+00
     1.0227E+01     4.4544E-15     0.0000E+00
     1.0254E+01     4.4544E-15     0.0000E+00
     1.0254E+01     7.8819E-05     0.0000E+00
     1.0282E+01     7.8819E-05     7.8811E-05
     1.0309E+01     7.8819E-05     0.0000E+00
     1.0309E+01     5.3398E-05     0.0000E+00
     1.0337E+01     5.3398E-05     5.3393E-05
     1.0364E+01     5.3398E-05     0.0000E+00
     1.0364E+01     4.4544E-15     0.0000E+00
     1.0391E+01     4.4544E-15     0.0000E+00
     1.0418E+01     4.4544E-15     0.0000E+00
     1.0418E+01     9.6364E-05     0.0000E+00
     1.0445E+01     9.6364E-05     6.8185E-05
     1.0473E+01     9.6364E-05     0.0000E+00
     1.0473E+01     1.1500E-04     0.0000E+00
     1.0499E+01     1.1500E-04     8.1395E-05
     1.0526E+01     1.1500E-04     0.0000E+00
     1.0526E+01     8.9544E-05     0.0000E+00
     1.0553E+01     8.9544E-05     6.3311E-05
     1.0580E+01     8.9544E-05     0.0000E+00
     1.0580E+01     4.4544E-15     0.0000E+00
     1.0607E+01     4.4544E-15     0.0000E+00
     1.0633E+01     4.4544E-15     0.0000E+00
     1.0633E+01     4.4751E-05     0.0000E+00
     1.0660E+01     4.4751E-05     4.4746E-05
     1.0686E+01     4.4751E-05     0.0000E+00
     1.0686E+01     5.9569E-05     0.0000E+00
     1.0713E+01     5.9569E-05     5.9564E-05
     1.0739E+01     5.9569E-05     0.0000E+00
     1.0739E+01     4.4544E-15     0.0000E+00
     1.0765E+01     4.4544E-15     0.0000E+00
     1.0792E+01     4.4544E-15     0.0000E+00
     1.0792E+01     1.6875E-04     0.0000E+00
     1.0818E+01     1.6875E-04     1.0143E-04
     1.0844E+01     1.6875E-04     0.0000E+00
     1.0844E+01     1.0582E-04     0.0000E+00
     1.0870E+01     1.0582E-04     1.0580E-04
     1.0896E+01     1.0582E-04     0.0000E+00
     1.0896E+01     4.5739E-05     0.0000E+00
     1.0922E+01     4.5739E-05     4.5735E-05
     1.0948E+01     4.5739E-05     0.0000E+00
     1.0948E+01     1.2747E-04     0.0000E+00
     1.0973E+01     1.2747E-04     9.0128E-05
     1.0999E+01     1.2747E-04     0.0000E+00
     1.0999E+01     4.4544E-15     0.0000E+00
     1.1025E+01     4.4544E-15     0.0000E+00
     1.1050E+01     4.4544E-15     0.0000E+00
     1.1050E+01     4.6880E-05     0.0000E+00
     1.1076E+01     4.6880E-05     4.6875E-05
     1.1101E+01     4.6880E-05     0.0000E+00
     1.1101E+01     9.0283E-05     0.0000E+00
     1.1127E+01     9.0283E-05     6.3834E-05
     1.1152E+01     9.0283E-05     0.0000E+00
     1.1152E+01     6.0628E-05     0.0000E+00
     1.1178E+01     6.0628E-05     6.0622E-05
     1.1203E+01     6.0628E-05     0.0000E+00
     1.1203E+01     1.2676E-04     0.0000E+00
     1.1228E+01     1.2676E-04     9.2817E-05
     1.1253E+01     1.2676E-04     0.0000E+00
     1.1253E+01     4.7982E-05     0.0000E+00
     1.1278E+01     4.7982E-05     4.7977E-05
     1.1303E+01     4.7982E-05     0.0000E+00
     1.1303E+01     9.5598E-05     0.0000E+00
     1.1328E+01     9.5598E-05     6.7622E-05
     1.1353E+01     9.5598E-05     0.0000E+00
     1.1353E+01     1.8471E-04     0.0000E+00
     1.1378E+01     1.8471E-04     9.2366E-05
     1.1403E+01     1.8471E-04     0.0000E+00
     1.1403E+01     4.4544E-15     0.0000E+00
     1.1428E+01     4.4544E-15     0.0000E+00
     1.1452E+01     4.4544E-15     0.0000E+00
     1.1452E+01     1.4121E-04     0.0000E+00
     1.1477E+01     1.4121E-04     1.4120E-04
     1.1502E+01     1.4121E-04     0.0000E+00
     1.1502E+01     5.1307E-05     0.0000E+00
     1.1526E+01     5.1307E-05     5.1302E-05
     1.1551E+01     5.1307E-05     0.0000E+00
     1.1551E+01     4.4544E-15     0.0000E+00
     1.1575E+01     4.4544E-15     0.0000E+00
     1.1599E+01     4.4544E-15     0.0000E+00
     1.1599E+01     4.4544E-15     0.0000E+00
     1.1624E+01     4.4544E-15     0.0000E+00
     1.1648E+01     4.4544E-15     0.0000E+00
     1.1648E+01     4.4544E-15     0.0000E+00
     1.1672E+01     4.4544E-15     0.0000E+00
     1.1697E+01     4.4544E-15     0.0000E+00
     1.1697E+01     2.0300E-04     0.0000E+00
     1.1721E+01     2.0300E-04     1.4776E-04
     1.1745E+01     2.0300E-04     0.0000E+00
     1.1745E+01     4.4544E-15     0.0000E+00
     1.1769E+01     4.4544E-15     0.0000E+00
     1.1793E+01     4.4544E-15     0.0000E+00
     1.1793E+01     4.4544E-15     0.0000E+00
     1.1817E+01     4.4544E-15     0.0000E+00
     1.1841E+01     4.4544E-15     0.0000E+00
     1.1841E+01     4.4544E-15     0.0000E+00
     1.1864E+01     4.4544E-15     0.0000E+00
     1.1888E+01     4.4544E-15     0.0000E+00
     1.1888E+01     6.3965E-05     0.0000E+00
     1.1912E+01     6.3965E-05     6.3958E-05
     1.1936E+01     6.3965E-05     0.0000E+00
     1.1936E+01     4.4544E-15     0.0000E+00
     1.1959E+01     4.4544E-15     0.0000E+00
     1.1983E+01     4.4544E-15     0.0000E+00
     1.1983E+01     5.2457E-05     0.0000E+00
     1.2007E+01     5.2457E-05     5.2451E-05
     1.2030E+01     5.2457E-05     0.0000E+00
     1.2030E+01     1.0628E-04     0.0000E+00
     1.2054E+01     1.0628E-04     7.6116E-05
     1.2077E+01     1.0628E-04     0.0000E+00
     1.2077E+01     9.6600E-05     0.0000E+00
     1.2100E+01     9.6600E-05     6.8474E-05
     1.2124E+01     9.6600E-05     0.0000E+00
     1.2124E+01     5.2160E-05     0.0000E+00
     1.2147E+01     5.2160E-05     5.2154E-05
     1.2170E+01     5.2160E-05     0.0000E+00
     1.2170E+01     4.4544E-15     0.0000E+00
     1.2193E+01     4.4544E-15     0.0000E+00
     1.2217E+01     4.4544E-15     0.0000E+00
     1.2217E+01     4.5501E-05     0.0000E+00
     1.2240E+01     4.5501E-05     4.5496E-05
     1.2263E+01     4.5501E-05     0.0000E+00
     1.2263E+01     4.4544E-15     0.0000E+00
     1.2286E+01     4.4544E-15     0.0000E+00
     1.2309E+01     4.4544E-15     0.0000E+00
     1.2309E+01     6.3367E-05     0.0000E+00
     1.2332E+01     6.3367E-05     6.3361E-05
     1.2355E+01     6.3367E-05     0.0000E+00
     1.2355E+01     4.4544E-15     0.0000E+00
     1.2378E+01     4.4544E-15     0.0000E+00
     1.2400E+01     4.4544E-15     0.0000E+00
     1.2400E+01     4.4544E-15     0.0000E+00
     1.2423E+01     4.4544E-15     0.0000E+00
     1.2446E+01     4.4544E-15     0.0000E+00
     1.2446E+01     6.1011E-05     0.0000E+00
     1.2469E+01     6.1011E-05     6.1005E-05
     1.2491E+01     6.1011E-05     0.0000E+00
     1.2491E+01     4.4544E-15     0.0000E+00
     1.2514E+01     4.4544E-15     0.0000E+00
     1.2536E+01     4.4544E-15     0.0000E+00
     1.2536E+01     4.4544E-15     0.0000E+00
     1.2559E+01     4.4544E-15     0.0000E+00
     1.2581E+01     4.4544E-15     0.0000E+00
     1.2581E+01     5.3913E-05     0.0000E+00
     1.2604E+01     5.3913E-05     5.3907E-05
     1.2626E+01     5.3913E-05     0.0000E+00
     1.2626E+01     4.4544E-15     0.0000E+00
     1.2649E+01     4.4544E-15     0.0000E+00
     1.2671E+01     4.4544E-15     0.0000E+00
     1.2671E+01     4.4544E-15     0.0000E+00
     1.2693E+01     4.4544E-15     0.0000E+00
     1.2715E+01     4.4544E-15     0.0000E+00
     1.2715E+01     7.6510E-05     0.0000E+00
     1.2738E+01     7.6510E-05     7.6502E-05
     1.2760E+01     7.6510E-05     0.0000E+00
     1.2760E+01     4.4544E-15     0.0000E+00
     1.2782E+01     4.4544E-15     0.0000E+00
     1.2804E+01     4.4544E-15     0.0000E+00
     1.2804E+01     4.4544E-15     0.0000E+00
     1.2826E+01     4.4544E-15     0.0000E+00
     1.2848E+01     4.4544E-15     0.0000E+00
     1.2848E+01     4.4544E-15     0.0000E+00
     1.2870E+01     4.4544E-15     0.0000E+00
     1.2892E+01     4.4544E-15     0.0000E+00
     1.2892E+01     4.4544E-15     0.0000E+00
     1.2914E+01     4.4544E-15     0.0000E+00
     1.2936E+01     4.4544E-15     0.0000E+00
     1.2936E+01     9.3404E-05     0.0000E+00
     1.2958E+01     9.3404E-05     9.3395E-05
     1.2979E+01     9.3404E-05     0.0000E+00
     1.2979E+01     4.4544E-15     0.0000E+00
     1.3001E+01     4.4544E-15     0.0000E+00
     1.3023E+01     4.4544E-15     0.0000E+00
     1.3023E+01     5.6574E-05     0.0000E+00
     1.3045E+01     5.6574E-05     5.6569E-05
     1.3066E+01     5.6574E-05     0.0000E+00
     1.3066E+01     9.8667E-05     0.0000E+00
     1.3088E+01     9.8667E-05     6.9764E-05
     1.3110E+01     9.8667E-05     0.0000E+00
     1.3110E+01     1.5517E-04     0.0000E+00
     1.3131E+01     1.5517E-04     1.5515E-04
     1.3153E+01     1.5517E-04     0.0000E+00
     1.3153E+01     4.4544E-15     0.0000E+00
     1.3174E+01     4.4544E-15     0.0000E+00
     1.3195E+01     4.4544E-15     0.0000E+00
     1.3195E+01     1.6554E-04     0.0000E+00
     1.3217E+01     1.6554E-04     9.7245E-05
     1.3238E+01     1.6554E-04     0.0000E+00
     1.3238E+01     4.4544E-15     0.0000E+00
     1.3260E+01     4.4544E-15     0.0000E+00
     1.3281E+01     4.4544E-15     0.0000E+00
     1.3281E+01     4.5803E-05     0.0000E+00
     1.3302E+01     4.5803E-05     4.5799E-05
     1.3323E+01     4.5803E-05     0.0000E+00
     1.3323E+01     4.6154E-05     0.0000E+00
     1.3345E+01     4.6154E-05     4.6150E-05
     1.3366E+01     4.6154E-05     0.0000E+00
     1.3366E+01     9.5983E-05     0.0000E+00
     1.3387E+01     9.5983E-05     6.8011E-05
     1.3408E+01     9.5983E-05     0.0000E+00
     1.3408E+01     4.4544E-15     0.0000E+00
     1.3429E+01     4.4544E-15     0.0000E+00
     1.3450E+01     4.4544E-15     0.0000E+00
     1.3450E+01     4.5188E-05     0.0000E+00
     1.3471E+01     4.5188E-05     4.5183E-05
     1.3492E+01     4.5188E-05     0.0000E+00
     1.3492E+01     4.4544E-15     0.0000E+00
     1.3513E+01     4.4544E-15     0.0000E+00
     1.3534E+01     4.4544E-15     0.0000E+00
     1.3534E+01     4.8388E-05     0.0000E+00
     1.3555E+01     4.8388E-05     4.8383E-05
     1.3576E+01     4.8388E-05     0.0000E+00
     1.3576E+01     4.4544E-15     0.0000E+00
     1.3596E+01     4.4544E-15     0.0000E+00
     1.3617E+01     4.4544E-15     0.0000E+00
     1.3617E+01     1.2363E-04     0.0000E+00
     1.3638E+01     1.2363E-04     8.9416E-05
     1.3659E+01     1.2363E-04     0.0000E+00
     1.3659E+01     6.6645E-05     0.0000E+00
     1.3679E+01     6.6645E-05     6.6638E-05
     1.3700E+01     6.6645E-05     0.0000E+00
     1.3700E+01     4.7030E-05     0.0000E+00
     1.3721E+01     4.7030E-05     4.7025E-05
     1.3741E+01     4.7030E-05     0.0000E+00
     1.3741E+01     4.6062E-05     0.0000E+00
     1.3762E+01     4.6062E-05     4.6058E-05
     1.3782E+01     4.6062E-05     0.0000E+00
     1.3782E+01     4.4716E-05     0.0000E+00
     1.3803E+01     4.4716E-05     4.4712E-05
     1.3823E+01     4.4716E-05     0.0000E+00
     1.3823E+01     9.4072E-05     0.0000E+00
     1.3844E+01     9.4072E-05     6.6523E-05
     1.3864E+01     9.4072E-05     0.0000E+00
     1.3864E+01     4.4544E-15     0.0000E+00
     1.3884E+01     4.4544E-15     0.0000E+00
     1.3905E+01     4.4544E-15     0.0000E+00
     1.3905E+01     4.5259E-05     0.0000E+00
     1.3925E+01     4.5259E-05     4.5255E-05
     1.3945E+01     4.5259E-05     0.0000E+00
     1.3945E+01     4.4544E-15     0.0000E+00
     1.3966E+01     4.4544E-15     0.0000E+00
     1.3986E+01     4.4544E-15     0.0000E+00
     1.3986E+01     4.5359E-05     0.0000E+00
     1.4006E+01     4.5359E-05     4.5355E-05
     1.4026E+01     4.5359E-05     0.0000E+00
     1.4026E+01     4.6155E-05     0.0000E+00
     1.4046E+01     4.6155E-05     4.6150E-05
     1.4066E+01     4.6155E-05     0.0000E+00
     1.4066E+01     8.6471E-05     0.0000E+00
     1.4086E+01     8.6471E-05     8.6463E-05
     1.4107E+01     8.6471E-05     0.0000E+00
     1.4107E+01     9.4725E-05     0.0000E+00
     1.4127E+01     9.4725E-05     6.7038E-05
     1.4147E+01     9.4725E-05     0.0000E+00
     1.4147E+01     4.8403E-05     0.0000E+00
     1.4167E+01     4.8403E-05     4.8398E-05
     1.4186E+01     4.8403E-05     0.0000E+00
     1.4186E+01     4.4544E-15     0.0000E+00
     1.4206E+01     4.4544E-15     0.0000E+00
     1.4226E+01     4.4544E-15     0.0000E+00
     1.4226E+01     5.0167E-05     0.0000E+00
     1.4246E+01     5.0167E-05     5.0162E-05
     1.4266E+01     5.0167E-05     0.0000E+00
     1.4266E+01     4.4544E-15     0.0000E+00
     1.4286E+01     4.4544E-15     0.0000E+00
     1.4306E+01     4.4544E-15     0.0000E+00
     1.4306E+01     9.4804E-05     0.0000E+00
     1.4325E+01     9.4804E-05     6.7051E-05
     1.4345E+01     9.4804E-05     0.0000E+00
     1.4345E+01     1.2421E-04     0.0000E+00
     1.4365E+01     1.2421E-04     9.0808E-05
     1.4384E+01     1.2421E-04     0.0000E+00
     1.4384E+01     4.6195E-05     0.0000E+00
     1.4404E+01     4.6195E-05     4.6191E-05
     1.4424E+01     4.6195E-05     0.0000E+00
     1.4424E+01     5.3548E-05     0.0000E+00
     1.4443E+01     5.3548E-05     5.3543E-05
     1.4463E+01     5.3548E-05     0.0000E+00
     1.4463E+01     4.4544E-15     0.0000E+00
     1.4482E+01     4.4544E-15     0.0000E+00
     1.4502E+01     4.4544E-15     0.0000E+00
     1.4502E+01     4.4544E-15     0.0000E+00
     1.4521E+01     4.4544E-15     0.0000E+00
     1.4541E+01     4.4544E-15     0.0000E+00
     1.4541E+01     1.3953E-04     0.0000E+00
     1.4560E+01     1.3953E-04     1.0176E-04
     1.4580E+01     1.3953E-04     0.0000E+00
     1.4580E+01     9.1281E-05     0.0000E+00
     1.4599E+01     9.1281E-05     6.4542E-05
     1.4618E+01     9.1281E-05     0.0000E+00
     1.4618E+01     4.4544E-15     0.0000E+00
     1.4638E+01     4.4544E-15     0.0000E+00
     1.4657E+01     4.4544E-15     0.0000E+00
     1.4657E+01     4.6666E-05     0.0000E+00
     1.4676E+01     4.6666E-05     4.6662E-05
     1.4695E+01     4.6666E-05     0.0000E+00
     1.4695E+01     4.4544E-15     0.0000E+00
     1.4715E+01     4.4544E-15     0.0000E+00
     1.4734E+01     4.4544E-15     0.0000E+00
     1.4734E+01     4.4544E-15     0.0000E+00
     1.4753E+01     4.4544E-15     0.0000E+00
     1.4772E+01     4.4544E-15     0.0000E+00
     1.4772E+01     4.4544E-15     0.0000E+00
     1.4791E+01     4.4544E-15     0.0000E+00
     1.4810E+01     4.4544E-15     0.0000E+00
     1.4810E+01     9.7757E-05     0.0000E+00
     1.4829E+01     9.7757E-05     6.9118E-05
     1.4848E+01     9.7757E-05     0.0000E+00
     1.4848E+01     1.0443E-04     0.0000E+00
     1.4867E+01     1.0443E-04     7.3886E-05
     1.4887E+01     1.0443E-04     0.0000E+00
     1.4887E+01     4.4544E-15     0.0000E+00
     1.4905E+01     4.4544E-15     0.0000E+00
     1.4924E+01     4.4544E-15     0.0000E+00
     1.4924E+01     9.5119E-05     0.0000E+00
     1.4943E+01     9.5119E-05     6.7285E-05
     1.4962E+01     9.5119E-05     0.0000E+00
     1.4962E+01     4.8974E-05     0.0000E+00
     1.4981E+01     4.8974E-05     4.8969E-05
     1.5000E+01     4.8974E-05     0.0000E+00
     1.5000E+01     4.4544E-20     0.0000E+00
&
