@g0 type xy 
@    title "mean energy distribution"
@    subtitle "/home/miia/EGSnrc/egs_home/BEAM_EX10MeVe/EX10MeVe1.egsphsp1"
@    legend on
@    legend box linestyle 0
@    legend x1 0.6
@    legend y1 0.75
@    view xmin 0.250000
@    xaxis  label "X /cm"
@    timestamp on
@    yaxis  label "mean energy /MeV"
@    s0 on
@    legend string  0 "IQ =2  NO LATCH CHECK"
@    s0 errorbar length 0.000000
@    s0 symbol color 1
@TYPE xydy
     1.4178E-10     5.6687E-17     0.0000E+00
     1.4178E-10     5.0165E+00     0.0000E+00
     7.0888E-01     5.0165E+00     6.8447E-01
     1.4178E+00     5.0165E+00     0.0000E+00
     1.4178E+00     4.6897E+00     0.0000E+00
     1.7114E+00     4.6897E+00     7.4716E-01
     2.0050E+00     4.6897E+00     0.0000E+00
     2.0050E+00     4.2638E+00     0.0000E+00
     2.2303E+00     4.2638E+00     7.8374E-01
     2.4556E+00     4.2638E+00     0.0000E+00
     2.4556E+00     3.5205E+00     0.0000E+00
     2.6456E+00     3.5205E+00     9.2753E-01
     2.8355E+00     3.5205E+00     0.0000E+00
     2.8355E+00     4.6240E+00     0.0000E+00
     3.0029E+00     4.6240E+00     6.9988E-01
     3.1702E+00     4.6240E+00     0.0000E+00
     3.1702E+00     5.5235E+00     0.0000E+00
     3.3215E+00     5.5235E+00     8.3607E-01
     3.4728E+00     5.5235E+00     0.0000E+00
     3.4728E+00     4.6218E+00     0.0000E+00
     3.6119E+00     4.6218E+00     9.0529E-01
     3.7510E+00     4.6218E+00     0.0000E+00
     3.7510E+00     5.3420E+00     0.0000E+00
     3.8805E+00     5.3420E+00     6.9049E-01
     4.0100E+00     5.3420E+00     0.0000E+00
     4.0100E+00     5.1288E+00     0.0000E+00
     4.1317E+00     5.1288E+00     9.6898E-01
     4.2533E+00     5.1288E+00     0.0000E+00
     4.2533E+00     4.9562E+00     0.0000E+00
     4.3683E+00     4.9562E+00     7.5522E-01
     4.4834E+00     4.9562E+00     0.0000E+00
     4.4834E+00     5.0970E+00     0.0000E+00
     4.5928E+00     5.0970E+00     8.6362E-01
     4.7022E+00     5.0970E+00     0.0000E+00
     4.7022E+00     4.1189E+00     0.0000E+00
     4.8067E+00     4.1189E+00     7.3704E-01
     4.9113E+00     4.1189E+00     0.0000E+00
     4.9113E+00     4.4931E+00     0.0000E+00
     5.0115E+00     4.4931E+00     8.6718E-01
     5.1118E+00     4.4931E+00     0.0000E+00
     5.1118E+00     3.4201E+00     0.0000E+00
     5.2083E+00     3.4201E+00     9.5241E-01
     5.3048E+00     3.4201E+00     0.0000E+00
     5.3048E+00     2.0572E+00     0.0000E+00
     5.3979E+00     2.0572E+00     7.9600E-01
     5.4910E+00     2.0572E+00     0.0000E+00
     5.4910E+00     1.1535E+00     0.0000E+00
     5.5810E+00     1.1535E+00     6.3116E-01
     5.6710E+00     1.1535E+00     0.0000E+00
     5.6710E+00     1.4059E+00     0.0000E+00
     5.7583E+00     1.4059E+00     1.1200E+00
     5.8456E+00     1.4059E+00     0.0000E+00
     5.8456E+00     3.0452E+00     0.0000E+00
     5.9303E+00     3.0452E+00     2.4559E+00
     6.0151E+00     3.0452E+00     0.0000E+00
     6.0151E+00     1.8224E+00     0.0000E+00
     6.0975E+00     1.8224E+00     1.1113E+00
     6.1799E+00     1.8224E+00     0.0000E+00
     6.1799E+00     2.4136E+00     0.0000E+00
     6.2602E+00     2.4136E+00     6.3566E-01
     6.3404E+00     2.4136E+00     0.0000E+00
     6.3404E+00     1.9103E+00     0.0000E+00
     6.4187E+00     1.9103E+00     1.2201E+00
     6.4970E+00     1.9103E+00     0.0000E+00
     6.4970E+00     1.0940E+00     0.0000E+00
     6.5734E+00     1.0940E+00     2.6315E-01
     6.6499E+00     1.0940E+00     0.0000E+00
     6.6499E+00     1.9517E+00     0.0000E+00
     6.7246E+00     1.9517E+00     1.2908E+00
     6.7993E+00     1.9517E+00     0.0000E+00
     6.7993E+00     1.7118E+00     0.0000E+00
     6.8725E+00     1.7118E+00     5.3202E-01
     6.9456E+00     1.7118E+00     0.0000E+00
     6.9456E+00     2.2989E+00     0.0000E+00
     7.0172E+00     2.2989E+00     7.5199E-01
     7.0888E+00     2.2989E+00     0.0000E+00
     7.0888E+00     2.7700E+00     0.0000E+00
     7.1590E+00     2.7700E+00     8.3007E-01
     7.2292E+00     2.7700E+00     0.0000E+00
     7.2292E+00     1.7149E+00     0.0000E+00
     7.2981E+00     1.7149E+00     1.1925E+00
     7.3669E+00     1.7149E+00     0.0000E+00
     7.3669E+00     4.8266E-01     0.0000E+00
     7.4345E+00     4.8266E-01     3.8062E-01
     7.5021E+00     4.8266E-01     0.0000E+00
     7.5021E+00     2.1240E+00     0.0000E+00
     7.5685E+00     2.1240E+00     1.5318E+00
     7.6349E+00     2.1240E+00     0.0000E+00
     7.6349E+00     1.7456E+00     0.0000E+00
     7.7001E+00     1.7456E+00     1.4802E+00
     7.7654E+00     1.7456E+00     0.0000E+00
     7.7654E+00     1.3528E+00     0.0000E+00
     7.8296E+00     1.3528E+00     1.0674E+00
     7.8938E+00     1.3528E+00     0.0000E+00
     7.8938E+00     8.5337E-01     0.0000E+00
     7.9569E+00     8.5337E-01     8.5329E-01
     8.0201E+00     8.5337E-01     0.0000E+00
     8.0201E+00     7.2032E-01     0.0000E+00
     8.0823E+00     7.2032E-01     4.7276E-01
     8.1444E+00     7.2032E-01     0.0000E+00
     8.1444E+00     1.7737E+00     0.0000E+00
     8.2057E+00     1.7737E+00     3.4985E-01
     8.2669E+00     1.7737E+00     0.0000E+00
     8.2669E+00     2.1956E+00     0.0000E+00
     8.3272E+00     2.1956E+00     1.4206E+00
     8.3876E+00     2.1956E+00     0.0000E+00
     8.3876E+00     1.2839E+00     0.0000E+00
     8.4471E+00     1.2839E+00     8.6344E-01
     8.5066E+00     1.2839E+00     0.0000E+00
     8.5066E+00     4.0450E+00     0.0000E+00
     8.5652E+00     4.0450E+00     3.1182E+00
     8.6239E+00     4.0450E+00     0.0000E+00
     8.6239E+00     1.8093E+00     0.0000E+00
     8.6818E+00     1.8093E+00     7.3657E-01
     8.7397E+00     1.8093E+00     0.0000E+00
     8.7397E+00     1.7651E+00     0.0000E+00
     8.7968E+00     1.7651E+00     1.2067E+00
     8.8539E+00     1.7651E+00     0.0000E+00
     8.8539E+00     1.1026E+00     0.0000E+00
     8.9103E+00     1.1026E+00     7.0117E-01
     8.9667E+00     1.1026E+00     0.0000E+00
     8.9667E+00     2.0354E+00     0.0000E+00
     9.0224E+00     2.0354E+00     8.7478E-01
     9.0781E+00     2.0354E+00     0.0000E+00
     9.0781E+00     4.5771E+00     0.0000E+00
     9.1331E+00     4.5771E+00     3.6188E+00
     9.1882E+00     4.5771E+00     0.0000E+00
     9.1882E+00     2.1691E+00     0.0000E+00
     9.2425E+00     2.1691E+00     2.1689E+00
     9.2969E+00     2.1691E+00     0.0000E+00
     9.2969E+00     2.5359E+00     0.0000E+00
     9.3506E+00     2.5359E+00     1.9420E+00
     9.4044E+00     2.5359E+00     0.0000E+00
     9.4044E+00     2.7144E+00     0.0000E+00
     9.4575E+00     2.7144E+00     2.7141E+00
     9.5106E+00     2.7144E+00     0.0000E+00
     9.5106E+00     1.1222E+00     0.0000E+00
     9.5632E+00     1.1222E+00     9.9497E-01
     9.6157E+00     1.1222E+00     0.0000E+00
     9.6157E+00     5.7770E-01     0.0000E+00
     9.6677E+00     5.7770E-01     5.1347E-01
     9.7197E+00     5.7770E-01     0.0000E+00
     9.7197E+00     1.0533E+00     0.0000E+00
     9.7711E+00     1.0533E+00     9.9679E-01
     9.8225E+00     1.0533E+00     0.0000E+00
     9.8225E+00     2.0885E+00     0.0000E+00
     9.8734E+00     2.0885E+00     1.5876E+00
     9.9243E+00     2.0885E+00     0.0000E+00
     9.9243E+00     1.8231E+00     0.0000E+00
     9.9747E+00     1.8231E+00     1.8229E+00
     1.0025E+01     1.8231E+00     0.0000E+00
     1.0025E+01     2.1515E-01     0.0000E+00
     1.0075E+01     2.1515E-01     2.1513E-01
     1.0125E+01     2.1515E-01     0.0000E+00
     1.0125E+01     5.6687E-12     0.0000E+00
     1.0174E+01     5.6687E-12     0.0000E+00
     1.0224E+01     5.6687E-12     0.0000E+00
     1.0224E+01     2.0555E-01     0.0000E+00
     1.0273E+01     2.0555E-01     2.0553E-01
     1.0321E+01     2.0555E-01     0.0000E+00
     1.0321E+01     4.9664E+00     0.0000E+00
     1.0370E+01     4.9664E+00     4.9659E+00
     1.0418E+01     4.9664E+00     0.0000E+00
     1.0418E+01     1.5490E+00     0.0000E+00
     1.0466E+01     1.5490E+00     1.2315E+00
     1.0514E+01     1.5490E+00     0.0000E+00
     1.0514E+01     2.8695E+00     0.0000E+00
     1.0562E+01     2.8695E+00     2.8692E+00
     1.0610E+01     2.8695E+00     0.0000E+00
     1.0610E+01     3.6881E+00     0.0000E+00
     1.0657E+01     3.6881E+00     3.6877E+00
     1.0704E+01     3.6881E+00     0.0000E+00
     1.0704E+01     2.9413E-01     0.0000E+00
     1.0751E+01     2.9413E-01     2.9410E-01
     1.0797E+01     2.9413E-01     0.0000E+00
     1.0797E+01     3.0330E+00     0.0000E+00
     1.0844E+01     3.0330E+00     3.0147E+00
     1.0890E+01     3.0330E+00     0.0000E+00
     1.0890E+01     1.4288E+00     0.0000E+00
     1.0936E+01     1.4288E+00     1.2318E+00
     1.0982E+01     1.4288E+00     0.0000E+00
     1.0982E+01     5.6687E-12     0.0000E+00
     1.1028E+01     5.6687E-12     0.0000E+00
     1.1073E+01     5.6687E-12     0.0000E+00
     1.1073E+01     1.3596E+00     0.0000E+00
     1.1118E+01     1.3596E+00     1.3533E+00
     1.1163E+01     1.3596E+00     0.0000E+00
     1.1163E+01     2.4461E+00     0.0000E+00
     1.1208E+01     2.4461E+00     2.4459E+00
     1.1253E+01     2.4461E+00     0.0000E+00
     1.1253E+01     2.9731E+00     0.0000E+00
     1.1298E+01     2.9731E+00     2.9728E+00
     1.1342E+01     2.9731E+00     0.0000E+00
     1.1342E+01     2.0561E+00     0.0000E+00
     1.1386E+01     2.0561E+00     1.6045E+00
     1.1430E+01     2.0561E+00     0.0000E+00
     1.1430E+01     5.0020E+00     0.0000E+00
     1.1474E+01     5.0020E+00     5.0015E+00
     1.1518E+01     5.0020E+00     0.0000E+00
     1.1518E+01     9.8113E-02     0.0000E+00
     1.1561E+01     9.8113E-02     9.8103E-02
     1.1605E+01     9.8113E-02     0.0000E+00
     1.1605E+01     5.6687E-12     0.0000E+00
     1.1648E+01     5.6687E-12     0.0000E+00
     1.1691E+01     5.6687E-12     0.0000E+00
     1.1691E+01     3.1037E-01     0.0000E+00
     1.1734E+01     3.1037E-01     3.1034E-01
     1.1777E+01     3.1037E-01     0.0000E+00
     1.1777E+01     5.6687E-12     0.0000E+00
     1.1819E+01     5.6687E-12     0.0000E+00
     1.1862E+01     5.6687E-12     0.0000E+00
     1.1862E+01     1.1272E+00     0.0000E+00
     1.1904E+01     1.1272E+00     1.1271E+00
     1.1946E+01     1.1272E+00     0.0000E+00
     1.1946E+01     8.3913E-02     0.0000E+00
     1.1988E+01     8.3913E-02     8.3905E-02
     1.2030E+01     8.3913E-02     0.0000E+00
     1.2030E+01     8.3864E-01     0.0000E+00
     1.2072E+01     8.3864E-01     7.2397E-01
     1.2113E+01     8.3864E-01     0.0000E+00
     1.2113E+01     3.2249E-01     0.0000E+00
     1.2155E+01     3.2249E-01     3.2246E-01
     1.2196E+01     3.2249E-01     0.0000E+00
     1.2196E+01     1.3573E+00     0.0000E+00
     1.2237E+01     1.3573E+00     1.3572E+00
     1.2278E+01     1.3573E+00     0.0000E+00
     1.2278E+01     1.2738E-01     0.0000E+00
     1.2319E+01     1.2738E-01     1.2737E-01
     1.2360E+01     1.2738E-01     0.0000E+00
     1.2360E+01     5.6687E-12     0.0000E+00
     1.2400E+01     5.6687E-12     0.0000E+00
     1.2441E+01     5.6687E-12     0.0000E+00
     1.2441E+01     1.2106E+00     0.0000E+00
     1.2481E+01     1.2106E+00     1.2105E+00
     1.2521E+01     1.2106E+00     0.0000E+00
     1.2521E+01     5.9856E+00     0.0000E+00
     1.2561E+01     5.9856E+00     5.9850E+00
     1.2601E+01     5.9856E+00     0.0000E+00
     1.2601E+01     5.6687E-12     0.0000E+00
     1.2641E+01     5.6687E-12     0.0000E+00
     1.2681E+01     5.6687E-12     0.0000E+00
     1.2681E+01     1.9326E+00     0.0000E+00
     1.2720E+01     1.9326E+00     1.9324E+00
     1.2760E+01     1.9326E+00     0.0000E+00
     1.2760E+01     5.6687E-12     0.0000E+00
     1.2799E+01     5.6687E-12     0.0000E+00
     1.2838E+01     5.6687E-12     0.0000E+00
     1.2838E+01     5.6687E-12     0.0000E+00
     1.2877E+01     5.6687E-12     0.0000E+00
     1.2916E+01     5.6687E-12     0.0000E+00
     1.2916E+01     5.1100E-01     0.0000E+00
     1.2955E+01     5.1100E-01     5.1095E-01
     1.2994E+01     5.1100E-01     0.0000E+00
     1.2994E+01     7.0911E-01     0.0000E+00
     1.3033E+01     7.0911E-01     7.0904E-01
     1.3071E+01     7.0911E-01     0.0000E+00
     1.3071E+01     9.4169E-01     0.0000E+00
     1.3109E+01     9.4169E-01     9.4159E-01
     1.3148E+01     9.4169E-01     0.0000E+00
     1.3148E+01     1.2746E+00     0.0000E+00
     1.3186E+01     1.2746E+00     1.1797E+00
     1.3224E+01     1.2746E+00     0.0000E+00
     1.3224E+01     5.6687E-12     0.0000E+00
     1.3262E+01     5.6687E-12     0.0000E+00
     1.3300E+01     5.6687E-12     0.0000E+00
     1.3300E+01     1.1557E+00     0.0000E+00
     1.3337E+01     1.1557E+00     1.1556E+00
     1.3375E+01     1.1557E+00     0.0000E+00
     1.3375E+01     1.7573E+00     0.0000E+00
     1.3413E+01     1.7573E+00     1.7571E+00
     1.3450E+01     1.7573E+00     0.0000E+00
     1.3450E+01     4.3415E-01     0.0000E+00
     1.3487E+01     4.3415E-01     4.3410E-01
     1.3525E+01     4.3415E-01     0.0000E+00
     1.3525E+01     7.4915E-02     0.0000E+00
     1.3562E+01     7.4915E-02     7.4908E-02
     1.3599E+01     7.4915E-02     0.0000E+00
     1.3599E+01     1.3729E+00     0.0000E+00
     1.3636E+01     1.3729E+00     1.3724E+00
     1.3672E+01     1.3729E+00     0.0000E+00
     1.3672E+01     1.6670E+00     0.0000E+00
     1.3709E+01     1.6670E+00     1.6668E+00
     1.3746E+01     1.6670E+00     0.0000E+00
     1.3746E+01     1.8211E+00     0.0000E+00
     1.3782E+01     1.8211E+00     1.8209E+00
     1.3819E+01     1.8211E+00     0.0000E+00
     1.3819E+01     3.3570E+00     0.0000E+00
     1.3855E+01     3.3570E+00     3.3567E+00
     1.3891E+01     3.3570E+00     0.0000E+00
     1.3891E+01     5.6687E-02     0.0000E+00
     1.3927E+01     5.6687E-02     5.6681E-02
     1.3963E+01     5.6687E-02     0.0000E+00
     1.3963E+01     8.6882E-01     0.0000E+00
     1.3999E+01     8.6882E-01     8.6874E-01
     1.4035E+01     8.6882E-01     0.0000E+00
     1.4035E+01     1.3715E+00     0.0000E+00
     1.4071E+01     1.3715E+00     1.3714E+00
     1.4107E+01     1.3715E+00     0.0000E+00
     1.4107E+01     4.7845E+00     0.0000E+00
     1.4142E+01     4.7845E+00     4.7840E+00
     1.4178E+01     4.7845E+00     0.0000E+00
     1.4178E+01     2.7111E+00     0.0000E+00
     1.4213E+01     2.7111E+00     2.7109E+00
     1.4248E+01     2.7111E+00     0.0000E+00
     1.4248E+01     3.9895E+00     0.0000E+00
     1.4284E+01     3.9895E+00     3.9891E+00
     1.4319E+01     3.9895E+00     0.0000E+00
     1.4319E+01     1.7531E+00     0.0000E+00
     1.4354E+01     1.7531E+00     1.5239E+00
     1.4389E+01     1.7531E+00     0.0000E+00
     1.4389E+01     3.8719E+00     0.0000E+00
     1.4424E+01     3.8719E+00     3.8715E+00
     1.4458E+01     3.8719E+00     0.0000E+00
     1.4458E+01     5.6687E-12     0.0000E+00
     1.4493E+01     5.6687E-12     0.0000E+00
     1.4528E+01     5.6687E-12     0.0000E+00
     1.4528E+01     8.7365E-01     0.0000E+00
     1.4562E+01     8.7365E-01     8.7097E-01
     1.4597E+01     8.7365E-01     0.0000E+00
     1.4597E+01     3.9982E+00     0.0000E+00
     1.4631E+01     3.9982E+00     3.9978E+00
     1.4665E+01     3.9982E+00     0.0000E+00
     1.4665E+01     8.2982E+00     0.0000E+00
     1.4700E+01     8.2982E+00     8.2973E+00
     1.4734E+01     8.2982E+00     0.0000E+00
     1.4734E+01     5.6687E-12     0.0000E+00
     1.4768E+01     5.6687E-12     0.0000E+00
     1.4802E+01     5.6687E-12     0.0000E+00
     1.4802E+01     6.9887E+00     0.0000E+00
     1.4836E+01     6.9887E+00     5.7713E+00
     1.4870E+01     6.9887E+00     0.0000E+00
     1.4870E+01     4.9572E-01     0.0000E+00
     1.4903E+01     4.9572E-01     4.9567E-01
     1.4937E+01     4.9572E-01     0.0000E+00
     1.4937E+01     1.1298E+00     0.0000E+00
     1.4971E+01     1.1298E+00     1.0129E+00
     1.5004E+01     1.1298E+00     0.0000E+00
     1.5004E+01     1.9467E+00     0.0000E+00
     1.5038E+01     1.9467E+00     1.9466E+00
     1.5071E+01     1.9467E+00     0.0000E+00
     1.5071E+01     1.4089E+00     0.0000E+00
     1.5104E+01     1.4089E+00     1.2262E+00
     1.5138E+01     1.4089E+00     0.0000E+00
     1.5138E+01     7.4982E-02     0.0000E+00
     1.5171E+01     7.4982E-02     7.4975E-02
     1.5204E+01     7.4982E-02     0.0000E+00
     1.5204E+01     1.2693E-01     0.0000E+00
     1.5237E+01     1.2693E-01     1.2692E-01
     1.5270E+01     1.2693E-01     0.0000E+00
     1.5270E+01     1.4704E+00     0.0000E+00
     1.5303E+01     1.4704E+00     1.4702E+00
     1.5335E+01     1.4704E+00     0.0000E+00
     1.5335E+01     6.2025E+00     0.0000E+00
     1.5368E+01     6.2025E+00     6.2019E+00
     1.5401E+01     6.2025E+00     0.0000E+00
     1.5401E+01     1.3072E-01     0.0000E+00
     1.5433E+01     1.3072E-01     1.3071E-01
     1.5466E+01     1.3072E-01     0.0000E+00
     1.5466E+01     3.2678E+00     0.0000E+00
     1.5498E+01     3.2678E+00     3.2675E+00
     1.5531E+01     3.2678E+00     0.0000E+00
     1.5531E+01     5.6687E-12     0.0000E+00
     1.5563E+01     5.6687E-12     0.0000E+00
     1.5595E+01     5.6687E-12     0.0000E+00
     1.5595E+01     5.6687E-12     0.0000E+00
     1.5628E+01     5.6687E-12     0.0000E+00
     1.5660E+01     5.6687E-12     0.0000E+00
     1.5660E+01     3.4946E+00     0.0000E+00
     1.5692E+01     3.4946E+00     3.4942E+00
     1.5724E+01     3.4946E+00     0.0000E+00
     1.5724E+01     8.3040E+00     0.0000E+00
     1.5756E+01     8.3040E+00     8.3031E+00
     1.5788E+01     8.3040E+00     0.0000E+00
     1.5788E+01     3.8067E-01     0.0000E+00
     1.5819E+01     3.8067E-01     3.8063E-01
     1.5851E+01     3.8067E-01     0.0000E+00
     1.5851E+01     5.3181E-01     0.0000E+00
     1.5883E+01     5.3181E-01     5.3176E-01
     1.5914E+01     5.3181E-01     0.0000E+00
     1.5914E+01     3.2007E-01     0.0000E+00
     1.5946E+01     3.2007E-01     3.2004E-01
     1.5977E+01     3.2007E-01     0.0000E+00
     1.5977E+01     1.6408E-01     0.0000E+00
     1.6009E+01     1.6408E-01     1.6406E-01
     1.6040E+01     1.6408E-01     0.0000E+00
     1.6040E+01     7.0648E+00     0.0000E+00
     1.6071E+01     7.0648E+00     7.0641E+00
     1.6103E+01     7.0648E+00     0.0000E+00
     1.6103E+01     3.7194E+00     0.0000E+00
     1.6134E+01     3.7194E+00     3.7190E+00
     1.6165E+01     3.7194E+00     0.0000E+00
     1.6165E+01     5.5289E+00     0.0000E+00
     1.6196E+01     5.5289E+00     5.5284E+00
     1.6227E+01     5.5289E+00     0.0000E+00
     1.6227E+01     3.5483E+00     0.0000E+00
     1.6258E+01     3.5483E+00     3.5479E+00
     1.6289E+01     3.5483E+00     0.0000E+00
     1.6289E+01     4.0989E+00     0.0000E+00
     1.6320E+01     4.0989E+00     3.1925E+00
     1.6350E+01     4.0989E+00     0.0000E+00
     1.6350E+01     2.3291E-01     0.0000E+00
     1.6381E+01     2.3291E-01     2.3289E-01
     1.6412E+01     2.3291E-01     0.0000E+00
     1.6412E+01     5.6687E-12     0.0000E+00
     1.6442E+01     5.6687E-12     0.0000E+00
     1.6473E+01     5.6687E-12     0.0000E+00
     1.6473E+01     5.6687E-12     0.0000E+00
     1.6503E+01     5.6687E-12     0.0000E+00
     1.6534E+01     5.6687E-12     0.0000E+00
     1.6534E+01     4.6000E+00     0.0000E+00
     1.6564E+01     4.6000E+00     4.5995E+00
     1.6594E+01     4.6000E+00     0.0000E+00
     1.6594E+01     1.7040E+00     0.0000E+00
     1.6625E+01     1.7040E+00     1.6673E+00
     1.6655E+01     1.7040E+00     0.0000E+00
     1.6655E+01     6.5845E+00     0.0000E+00
     1.6685E+01     6.5845E+00     6.5838E+00
     1.6715E+01     6.5845E+00     0.0000E+00
     1.6715E+01     7.7783E+00     0.0000E+00
     1.6745E+01     7.7783E+00     7.7775E+00
     1.6775E+01     7.7783E+00     0.0000E+00
     1.6775E+01     5.6687E-12     0.0000E+00
     1.6805E+01     5.6687E-12     0.0000E+00
     1.6835E+01     5.6687E-12     0.0000E+00
     1.6835E+01     5.6687E-12     0.0000E+00
     1.6865E+01     5.6687E-12     0.0000E+00
     1.6895E+01     5.6687E-12     0.0000E+00
     1.6895E+01     2.1767E+00     0.0000E+00
     1.6924E+01     2.1767E+00     2.1765E+00
     1.6954E+01     2.1767E+00     0.0000E+00
     1.6954E+01     5.6687E-12     0.0000E+00
     1.6984E+01     5.6687E-12     0.0000E+00
     1.7013E+01     5.6687E-12     0.0000E+00
     1.7013E+01     5.6687E-12     0.0000E+00
     1.7043E+01     5.6687E-12     0.0000E+00
     1.7072E+01     5.6687E-12     0.0000E+00
     1.7072E+01     5.6687E-12     0.0000E+00
     1.7102E+01     5.6687E-12     0.0000E+00
     1.7131E+01     5.6687E-12     0.0000E+00
     1.7131E+01     5.6687E-12     0.0000E+00
     1.7160E+01     5.6687E-12     0.0000E+00
     1.7189E+01     5.6687E-12     0.0000E+00
     1.7189E+01     5.6687E-12     0.0000E+00
     1.7219E+01     5.6687E-12     0.0000E+00
     1.7248E+01     5.6687E-12     0.0000E+00
     1.7248E+01     5.6687E-12     0.0000E+00
     1.7277E+01     5.6687E-12     0.0000E+00
     1.7306E+01     5.6687E-12     0.0000E+00
     1.7306E+01     5.6687E-12     0.0000E+00
     1.7335E+01     5.6687E-12     0.0000E+00
     1.7364E+01     5.6687E-12     0.0000E+00
     1.7364E+01     5.6687E-12     0.0000E+00
     1.7393E+01     5.6687E-12     0.0000E+00
     1.7422E+01     5.6687E-12     0.0000E+00
     1.7422E+01     5.6687E-12     0.0000E+00
     1.7451E+01     5.6687E-12     0.0000E+00
     1.7479E+01     5.6687E-12     0.0000E+00
     1.7479E+01     5.6687E-12     0.0000E+00
     1.7508E+01     5.6687E-12     0.0000E+00
     1.7537E+01     5.6687E-12     0.0000E+00
     1.7537E+01     5.6687E-12     0.0000E+00
     1.7565E+01     5.6687E-12     0.0000E+00
     1.7594E+01     5.6687E-12     0.0000E+00
     1.7594E+01     5.6687E-12     0.0000E+00
     1.7622E+01     5.6687E-12     0.0000E+00
     1.7651E+01     5.6687E-12     0.0000E+00
     1.7651E+01     5.6687E-12     0.0000E+00
     1.7679E+01     5.6687E-12     0.0000E+00
     1.7708E+01     5.6687E-12     0.0000E+00
     1.7708E+01     5.6687E-12     0.0000E+00
     1.7736E+01     5.6687E-12     0.0000E+00
     1.7765E+01     5.6687E-12     0.0000E+00
     1.7765E+01     5.6687E-12     0.0000E+00
     1.7793E+01     5.6687E-12     0.0000E+00
     1.7821E+01     5.6687E-12     0.0000E+00
     1.7821E+01     5.6687E-12     0.0000E+00
     1.7849E+01     5.6687E-12     0.0000E+00
     1.7877E+01     5.6687E-12     0.0000E+00
     1.7877E+01     5.6687E-12     0.0000E+00
     1.7905E+01     5.6687E-12     0.0000E+00
     1.7933E+01     5.6687E-12     0.0000E+00
     1.7933E+01     5.6687E-12     0.0000E+00
     1.7961E+01     5.6687E-12     0.0000E+00
     1.7989E+01     5.6687E-12     0.0000E+00
     1.7989E+01     5.6687E-12     0.0000E+00
     1.8017E+01     5.6687E-12     0.0000E+00
     1.8045E+01     5.6687E-12     0.0000E+00
     1.8045E+01     5.6687E-12     0.0000E+00
     1.8073E+01     5.6687E-12     0.0000E+00
     1.8101E+01     5.6687E-12     0.0000E+00
     1.8101E+01     5.6687E-12     0.0000E+00
     1.8128E+01     5.6687E-12     0.0000E+00
     1.8156E+01     5.6687E-12     0.0000E+00
     1.8156E+01     5.6687E-12     0.0000E+00
     1.8184E+01     5.6687E-12     0.0000E+00
     1.8211E+01     5.6687E-12     0.0000E+00
     1.8211E+01     5.6687E-12     0.0000E+00
     1.8239E+01     5.6687E-12     0.0000E+00
     1.8267E+01     5.6687E-12     0.0000E+00
     1.8267E+01     5.6687E-12     0.0000E+00
     1.8294E+01     5.6687E-12     0.0000E+00
     1.8322E+01     5.6687E-12     0.0000E+00
     1.8322E+01     5.6687E-12     0.0000E+00
     1.8349E+01     5.6687E-12     0.0000E+00
     1.8376E+01     5.6687E-12     0.0000E+00
     1.8376E+01     5.6687E-12     0.0000E+00
     1.8404E+01     5.6687E-12     0.0000E+00
     1.8431E+01     5.6687E-12     0.0000E+00
     1.8431E+01     5.6687E-12     0.0000E+00
     1.8458E+01     5.6687E-12     0.0000E+00
     1.8485E+01     5.6687E-12     0.0000E+00
     1.8485E+01     5.6687E-12     0.0000E+00
     1.8513E+01     5.6687E-12     0.0000E+00
     1.8540E+01     5.6687E-12     0.0000E+00
     1.8540E+01     5.6687E-12     0.0000E+00
     1.8567E+01     5.6687E-12     0.0000E+00
     1.8594E+01     5.6687E-12     0.0000E+00
     1.8594E+01     5.6687E-12     0.0000E+00
     1.8621E+01     5.6687E-12     0.0000E+00
     1.8648E+01     5.6687E-12     0.0000E+00
     1.8648E+01     5.6687E-12     0.0000E+00
     1.8675E+01     5.6687E-12     0.0000E+00
     1.8702E+01     5.6687E-12     0.0000E+00
     1.8702E+01     5.6687E-12     0.0000E+00
     1.8728E+01     5.6687E-12     0.0000E+00
     1.8755E+01     5.6687E-12     0.0000E+00
     1.8755E+01     5.6687E-12     0.0000E+00
     1.8782E+01     5.6687E-12     0.0000E+00
     1.8809E+01     5.6687E-12     0.0000E+00
     1.8809E+01     5.6687E-12     0.0000E+00
     1.8835E+01     5.6687E-12     0.0000E+00
     1.8862E+01     5.6687E-12     0.0000E+00
     1.8862E+01     5.6687E-12     0.0000E+00
     1.8889E+01     5.6687E-12     0.0000E+00
     1.8915E+01     5.6687E-12     0.0000E+00
     1.8915E+01     5.6687E-12     0.0000E+00
     1.8942E+01     5.6687E-12     0.0000E+00
     1.8968E+01     5.6687E-12     0.0000E+00
     1.8968E+01     5.6687E-12     0.0000E+00
     1.8995E+01     5.6687E-12     0.0000E+00
     1.9021E+01     5.6687E-12     0.0000E+00
     1.9021E+01     5.6687E-12     0.0000E+00
     1.9048E+01     5.6687E-12     0.0000E+00
     1.9074E+01     5.6687E-12     0.0000E+00
     1.9074E+01     5.6687E-12     0.0000E+00
     1.9100E+01     5.6687E-12     0.0000E+00
     1.9127E+01     5.6687E-12     0.0000E+00
     1.9127E+01     5.6687E-12     0.0000E+00
     1.9153E+01     5.6687E-12     0.0000E+00
     1.9179E+01     5.6687E-12     0.0000E+00
     1.9179E+01     5.6687E-12     0.0000E+00
     1.9205E+01     5.6687E-12     0.0000E+00
     1.9231E+01     5.6687E-12     0.0000E+00
     1.9231E+01     5.6687E-12     0.0000E+00
     1.9258E+01     5.6687E-12     0.0000E+00
     1.9284E+01     5.6687E-12     0.0000E+00
     1.9284E+01     5.6687E-12     0.0000E+00
     1.9310E+01     5.6687E-12     0.0000E+00
     1.9336E+01     5.6687E-12     0.0000E+00
     1.9336E+01     5.6687E-12     0.0000E+00
     1.9362E+01     5.6687E-12     0.0000E+00
     1.9388E+01     5.6687E-12     0.0000E+00
     1.9388E+01     5.6687E-12     0.0000E+00
     1.9413E+01     5.6687E-12     0.0000E+00
     1.9439E+01     5.6687E-12     0.0000E+00
     1.9439E+01     5.6687E-12     0.0000E+00
     1.9465E+01     5.6687E-12     0.0000E+00
     1.9491E+01     5.6687E-12     0.0000E+00
     1.9491E+01     5.6687E-12     0.0000E+00
     1.9517E+01     5.6687E-12     0.0000E+00
     1.9543E+01     5.6687E-12     0.0000E+00
     1.9543E+01     5.6687E-12     0.0000E+00
     1.9568E+01     5.6687E-12     0.0000E+00
     1.9594E+01     5.6687E-12     0.0000E+00
     1.9594E+01     5.6687E-12     0.0000E+00
     1.9619E+01     5.6687E-12     0.0000E+00
     1.9645E+01     5.6687E-12     0.0000E+00
     1.9645E+01     5.6687E-12     0.0000E+00
     1.9671E+01     5.6687E-12     0.0000E+00
     1.9696E+01     5.6687E-12     0.0000E+00
     1.9696E+01     5.6687E-12     0.0000E+00
     1.9722E+01     5.6687E-12     0.0000E+00
     1.9747E+01     5.6687E-12     0.0000E+00
     1.9747E+01     5.6687E-12     0.0000E+00
     1.9773E+01     5.6687E-12     0.0000E+00
     1.9798E+01     5.6687E-12     0.0000E+00
     1.9798E+01     5.6687E-12     0.0000E+00
     1.9823E+01     5.6687E-12     0.0000E+00
     1.9849E+01     5.6687E-12     0.0000E+00
     1.9849E+01     5.6687E-12     0.0000E+00
     1.9874E+01     5.6687E-12     0.0000E+00
     1.9899E+01     5.6687E-12     0.0000E+00
     1.9899E+01     5.6687E-12     0.0000E+00
     1.9924E+01     5.6687E-12     0.0000E+00
     1.9950E+01     5.6687E-12     0.0000E+00
     1.9950E+01     5.6687E-12     0.0000E+00
     1.9975E+01     5.6687E-12     0.0000E+00
     2.0000E+01     5.6687E-12     0.0000E+00
     2.0000E+01     5.6687E-17     0.0000E+00
&
