@g0 type xy 
@    title "spectral distribution"
@    subtitle "/home/miia/EGSnrc/egs_home/BEAM_EX10MeVe/EX10MeVe1.egsphsp1"
@    legend on
@    legend box linestyle 0
@    legend x1 0.6
@    legend y1 0.75
@    view xmin 0.250000
@    xaxis  label "energy /MeV"
@    timestamp on
@    yaxis  label "fluence/MeV/incident particle /cm\\S-2\\N MeV\\S-1\\N"
@    s0 on
@    legend string  0 "IQ =2  NO LATCH CHECK"
@    s0 errorbar length 0.000000
@    s0 symbol color 1
@TYPE xydy
     5.0000E-12     4.4451E-21     0.0000E+00
     5.0000E-12     3.6076E-05     0.0000E+00
     2.5000E-02     3.6076E-05     1.2751E-05
     5.0000E-02     3.6076E-05     0.0000E+00
     5.0000E-02     1.0167E-04     0.0000E+00
     7.5000E-02     1.0167E-04     2.2759E-05
     1.0000E-01     1.0167E-04     0.0000E+00
     1.0000E-01     2.0965E-04     0.0000E+00
     1.2500E-01     2.0965E-04     3.5870E-05
     1.5000E-01     2.0965E-04     0.0000E+00
     1.5000E-01     1.6781E-04     0.0000E+00
     1.7500E-01     1.6781E-04     3.3834E-05
     2.0000E-01     1.6781E-04     0.0000E+00
     2.0000E-01     1.3714E-04     0.0000E+00
     2.2500E-01     1.3714E-04     2.8376E-05
     2.5000E-01     1.3714E-04     0.0000E+00
     2.5000E-01     1.5087E-04     0.0000E+00
     2.7500E-01     1.5087E-04     2.7300E-05
     3.0000E-01     1.5087E-04     0.0000E+00
     3.0000E-01     1.1154E-04     0.0000E+00
     3.2500E-01     1.1154E-04     2.6812E-05
     3.5000E-01     1.1154E-04     0.0000E+00
     3.5000E-01     1.5310E-04     0.0000E+00
     3.7500E-01     1.5310E-04     3.1770E-05
     4.0000E-01     1.5310E-04     0.0000E+00
     4.0000E-01     1.0708E-04     0.0000E+00
     4.2500E-01     1.0708E-04     2.5336E-05
     4.5000E-01     1.0708E-04     0.0000E+00
     4.5000E-01     4.4454E-05     0.0000E+00
     4.7500E-01     4.4454E-05     1.4902E-05
     5.0000E-01     4.4454E-05     0.0000E+00
     5.0000E-01     5.1046E-05     0.0000E+00
     5.2500E-01     5.1046E-05     1.6815E-05
     5.5000E-01     5.1046E-05     0.0000E+00
     5.5000E-01     5.5074E-05     0.0000E+00
     5.7500E-01     5.5074E-05     1.5905E-05
     6.0000E-01     5.5074E-05     0.0000E+00
     6.0000E-01     5.7814E-05     0.0000E+00
     6.2500E-01     5.7814E-05     1.6874E-05
     6.5000E-01     5.7814E-05     0.0000E+00
     6.5000E-01     5.1506E-05     0.0000E+00
     6.7500E-01     5.1506E-05     1.7804E-05
     7.0000E-01     5.1506E-05     0.0000E+00
     7.0000E-01     5.9230E-05     0.0000E+00
     7.2500E-01     5.9230E-05     1.8324E-05
     7.5000E-01     5.9230E-05     0.0000E+00
     7.5000E-01     3.7267E-05     0.0000E+00
     7.7500E-01     3.7267E-05     1.3191E-05
     8.0000E-01     3.7267E-05     0.0000E+00
     8.0000E-01     5.2467E-05     0.0000E+00
     8.2500E-01     5.2467E-05     1.5904E-05
     8.5000E-01     5.2467E-05     0.0000E+00
     8.5000E-01     5.1727E-05     0.0000E+00
     8.7500E-01     5.1727E-05     1.5619E-05
     9.0000E-01     5.1727E-05     0.0000E+00
     9.0000E-01     2.2647E-05     0.0000E+00
     9.2500E-01     2.2647E-05     1.1528E-05
     9.5000E-01     2.2647E-05     0.0000E+00
     9.5000E-01     1.3715E-05     0.0000E+00
     9.7500E-01     1.3715E-05     7.9212E-06
     1.0000E+00     1.3715E-05     0.0000E+00
     1.0000E+00     2.2563E-05     0.0000E+00
     1.0250E+00     2.2563E-05     1.0090E-05
     1.0500E+00     2.2563E-05     0.0000E+00
     1.0500E+00     2.8962E-05     0.0000E+00
     1.0750E+00     2.8962E-05     1.1922E-05
     1.1000E+00     2.8962E-05     0.0000E+00
     1.1000E+00     2.8905E-05     0.0000E+00
     1.1250E+00     2.8905E-05     1.1927E-05
     1.1500E+00     2.8905E-05     0.0000E+00
     1.1500E+00     4.7557E-05     0.0000E+00
     1.1750E+00     4.7557E-05     1.5086E-05
     1.2000E+00     4.7557E-05     0.0000E+00
     1.2000E+00     5.1153E-05     0.0000E+00
     1.2250E+00     5.1153E-05     1.5490E-05
     1.2500E+00     5.1153E-05     0.0000E+00
     1.2500E+00     3.9565E-05     0.0000E+00
     1.2750E+00     3.9565E-05     1.4328E-05
     1.3000E+00     3.9565E-05     0.0000E+00
     1.3000E+00     2.6814E-05     0.0000E+00
     1.3250E+00     2.6814E-05     1.0942E-05
     1.3500E+00     2.6814E-05     0.0000E+00
     1.3500E+00     3.5826E-05     0.0000E+00
     1.3750E+00     3.5826E-05     1.2658E-05
     1.4000E+00     3.5826E-05     0.0000E+00
     1.4000E+00     2.9735E-05     0.0000E+00
     1.4250E+00     2.9735E-05     1.2208E-05
     1.4500E+00     2.9735E-05     0.0000E+00
     1.4500E+00     1.8032E-05     0.0000E+00
     1.4750E+00     1.8032E-05     9.0151E-06
     1.5000E+00     1.8032E-05     0.0000E+00
     1.5000E+00     1.3371E-05     0.0000E+00
     1.5250E+00     1.3371E-05     7.7181E-06
     1.5500E+00     1.3371E-05     0.0000E+00
     1.5500E+00     2.4958E-05     0.0000E+00
     1.5750E+00     2.4958E-05     1.1287E-05
     1.6000E+00     2.4958E-05     0.0000E+00
     1.6000E+00     8.9013E-06     0.0000E+00
     1.6250E+00     8.9013E-06     6.2936E-06
     1.6500E+00     8.9013E-06     0.0000E+00
     1.6500E+00     2.3512E-05     0.0000E+00
     1.6750E+00     2.3512E-05     1.0540E-05
     1.7000E+00     2.3512E-05     0.0000E+00
     1.7000E+00     2.6755E-05     0.0000E+00
     1.7250E+00     2.6755E-05     1.0917E-05
     1.7500E+00     2.6755E-05     0.0000E+00
     1.7500E+00     8.9035E-06     0.0000E+00
     1.7750E+00     8.9035E-06     6.2951E-06
     1.8000E+00     8.9035E-06     0.0000E+00
     1.8000E+00     8.9162E-06     0.0000E+00
     1.8250E+00     8.9162E-06     6.3041E-06
     1.8500E+00     8.9162E-06     0.0000E+00
     1.8500E+00     3.4421E-05     0.0000E+00
     1.8750E+00     3.4421E-05     1.5166E-05
     1.9000E+00     3.4421E-05     0.0000E+00
     1.9000E+00     3.1620E-05     0.0000E+00
     1.9250E+00     3.1620E-05     1.3235E-05
     1.9500E+00     3.1620E-05     0.0000E+00
     1.9500E+00     1.8189E-05     0.0000E+00
     1.9750E+00     1.8189E-05     9.0980E-06
     2.0000E+00     1.8189E-05     0.0000E+00
     2.0000E+00     1.5035E-05     0.0000E+00
     2.0250E+00     1.5035E-05     8.7171E-06
     2.0500E+00     1.5035E-05     0.0000E+00
     2.0500E+00     2.3695E-05     0.0000E+00
     2.0750E+00     2.3695E-05     1.2316E-05
     2.1000E+00     2.3695E-05     0.0000E+00
     2.1000E+00     1.7997E-05     0.0000E+00
     2.1250E+00     1.7997E-05     8.9973E-06
     2.1500E+00     1.7997E-05     0.0000E+00
     2.1500E+00     9.3907E-06     0.0000E+00
     2.1750E+00     9.3907E-06     6.6479E-06
     2.2000E+00     9.3907E-06     0.0000E+00
     2.2000E+00     1.2079E-05     0.0000E+00
     2.2250E+00     1.2079E-05     8.6095E-06
     2.2500E+00     1.2079E-05     0.0000E+00
     2.2500E+00     8.8896E-06     0.0000E+00
     2.2750E+00     8.8896E-06     6.2852E-06
     2.3000E+00     8.8896E-06     0.0000E+00
     2.3000E+00     1.8270E-05     0.0000E+00
     2.3250E+00     1.8270E-05     9.1408E-06
     2.3500E+00     1.8270E-05     0.0000E+00
     2.3500E+00     9.6796E-06     0.0000E+00
     2.3750E+00     9.6796E-06     6.8657E-06
     2.4000E+00     9.6796E-06     0.0000E+00
     2.4000E+00     9.7442E-06     0.0000E+00
     2.4250E+00     9.7442E-06     6.9091E-06
     2.4500E+00     9.7442E-06     0.0000E+00
     2.4500E+00     1.7808E-05     0.0000E+00
     2.4750E+00     1.7808E-05     8.9013E-06
     2.5000E+00     1.7808E-05     0.0000E+00
     2.5000E+00     1.8365E-05     0.0000E+00
     2.5250E+00     1.8365E-05     9.1895E-06
     2.5500E+00     1.8365E-05     0.0000E+00
     2.5500E+00     1.4057E-05     0.0000E+00
     2.5750E+00     1.4057E-05     8.1260E-06
     2.6000E+00     1.4057E-05     0.0000E+00
     2.6000E+00     1.8256E-05     0.0000E+00
     2.6250E+00     1.8256E-05     9.1330E-06
     2.6500E+00     1.8256E-05     0.0000E+00
     2.6500E+00     4.4451E-16     0.0000E+00
     2.6750E+00     4.4451E-16     0.0000E+00
     2.7000E+00     4.4451E-16     0.0000E+00
     2.7000E+00     1.8921E-05     0.0000E+00
     2.7250E+00     1.8921E-05     9.4718E-06
     2.7500E+00     1.8921E-05     0.0000E+00
     2.7500E+00     1.9441E-05     0.0000E+00
     2.7750E+00     1.9441E-05     9.7555E-06
     2.8000E+00     1.9441E-05     0.0000E+00
     2.8000E+00     4.4715E-06     0.0000E+00
     2.8250E+00     4.4715E-06     4.4711E-06
     2.8500E+00     4.4715E-06     0.0000E+00
     2.8500E+00     4.4451E-06     0.0000E+00
     2.8750E+00     4.4451E-06     4.4447E-06
     2.9000E+00     4.4451E-06     0.0000E+00
     2.9000E+00     9.3806E-06     0.0000E+00
     2.9250E+00     9.3806E-06     6.6382E-06
     2.9500E+00     9.3806E-06     0.0000E+00
     2.9500E+00     1.3631E-05     0.0000E+00
     2.9750E+00     1.3631E-05     9.6684E-06
     3.0000E+00     1.3631E-05     0.0000E+00
     3.0000E+00     1.3463E-05     0.0000E+00
     3.0250E+00     1.3463E-05     7.7715E-06
     3.0500E+00     1.3463E-05     0.0000E+00
     3.0500E+00     9.0064E-06     0.0000E+00
     3.0750E+00     9.0064E-06     6.3680E-06
     3.1000E+00     9.0064E-06     0.0000E+00
     3.1000E+00     9.7173E-06     0.0000E+00
     3.1250E+00     9.7173E-06     6.8952E-06
     3.1500E+00     9.7173E-06     0.0000E+00
     3.1500E+00     1.3495E-05     0.0000E+00
     3.1750E+00     1.3495E-05     7.7904E-06
     3.2000E+00     1.3495E-05     0.0000E+00
     3.2000E+00     4.4451E-16     0.0000E+00
     3.2250E+00     4.4451E-16     0.0000E+00
     3.2500E+00     4.4451E-16     0.0000E+00
     3.2500E+00     1.8319E-05     0.0000E+00
     3.2750E+00     1.8319E-05     9.1631E-06
     3.3000E+00     1.8319E-05     0.0000E+00
     3.3000E+00     4.4652E-06     0.0000E+00
     3.3250E+00     4.4652E-06     4.4648E-06
     3.3500E+00     4.4652E-06     0.0000E+00
     3.3500E+00     4.4451E-16     0.0000E+00
     3.3750E+00     4.4451E-16     0.0000E+00
     3.4000E+00     4.4451E-16     0.0000E+00
     3.4000E+00     9.4841E-06     0.0000E+00
     3.4250E+00     9.4841E-06     6.7155E-06
     3.4500E+00     9.4841E-06     0.0000E+00
     3.4500E+00     4.4451E-16     0.0000E+00
     3.4750E+00     4.4451E-16     0.0000E+00
     3.5000E+00     4.4451E-16     0.0000E+00
     3.5000E+00     4.4451E-16     0.0000E+00
     3.5250E+00     4.4451E-16     0.0000E+00
     3.5500E+00     4.4451E-16     0.0000E+00
     3.5500E+00     6.4563E-06     0.0000E+00
     3.5750E+00     6.4563E-06     6.4557E-06
     3.6000E+00     6.4563E-06     0.0000E+00
     3.6000E+00     4.4451E-16     0.0000E+00
     3.6250E+00     4.4451E-16     0.0000E+00
     3.6500E+00     4.4451E-16     0.0000E+00
     3.6500E+00     1.3598E-05     0.0000E+00
     3.6750E+00     1.3598E-05     7.8499E-06
     3.7000E+00     1.3598E-05     0.0000E+00
     3.7000E+00     8.9512E-06     0.0000E+00
     3.7250E+00     8.9512E-06     6.3288E-06
     3.7500E+00     8.9512E-06     0.0000E+00
     3.7500E+00     8.9611E-06     0.0000E+00
     3.7750E+00     8.9611E-06     6.3359E-06
     3.8000E+00     8.9611E-06     0.0000E+00
     3.8000E+00     9.1842E-06     0.0000E+00
     3.8250E+00     9.1842E-06     6.4956E-06
     3.8500E+00     9.1842E-06     0.0000E+00
     3.8500E+00     1.0190E-05     0.0000E+00
     3.8750E+00     1.0190E-05     7.2590E-06
     3.9000E+00     1.0190E-05     0.0000E+00
     3.9000E+00     4.4451E-16     0.0000E+00
     3.9250E+00     4.4451E-16     0.0000E+00
     3.9500E+00     4.4451E-16     0.0000E+00
     3.9500E+00     9.6783E-06     0.0000E+00
     3.9750E+00     9.6783E-06     6.8489E-06
     4.0000E+00     9.6783E-06     0.0000E+00
     4.0000E+00     6.3595E-06     0.0000E+00
     4.0250E+00     6.3595E-06     6.3589E-06
     4.0500E+00     6.3595E-06     0.0000E+00
     4.0500E+00     4.4451E-16     0.0000E+00
     4.0750E+00     4.4451E-16     0.0000E+00
     4.1000E+00     4.4451E-16     0.0000E+00
     4.1000E+00     4.4451E-16     0.0000E+00
     4.1250E+00     4.4451E-16     0.0000E+00
     4.1500E+00     4.4451E-16     0.0000E+00
     4.1500E+00     4.4451E-16     0.0000E+00
     4.1750E+00     4.4451E-16     0.0000E+00
     4.2000E+00     4.4451E-16     0.0000E+00
     4.2000E+00     4.4953E-06     0.0000E+00
     4.2250E+00     4.4953E-06     4.4948E-06
     4.2500E+00     4.4953E-06     0.0000E+00
     4.2500E+00     4.8747E-06     0.0000E+00
     4.2750E+00     4.8747E-06     4.8742E-06
     4.3000E+00     4.8747E-06     0.0000E+00
     4.3000E+00     4.4451E-16     0.0000E+00
     4.3250E+00     4.4451E-16     0.0000E+00
     4.3500E+00     4.4451E-16     0.0000E+00
     4.3500E+00     4.8599E-06     0.0000E+00
     4.3750E+00     4.8599E-06     4.8595E-06
     4.4000E+00     4.8599E-06     0.0000E+00
     4.4000E+00     1.5191E-05     0.0000E+00
     4.4250E+00     1.5191E-05     8.8964E-06
     4.4500E+00     1.5191E-05     0.0000E+00
     4.4500E+00     4.6201E-06     0.0000E+00
     4.4750E+00     4.6201E-06     4.6196E-06
     4.5000E+00     4.6201E-06     0.0000E+00
     4.5000E+00     4.4600E-06     0.0000E+00
     4.5250E+00     4.4600E-06     4.4596E-06
     4.5500E+00     4.4600E-06     0.0000E+00
     4.5500E+00     4.4601E-06     0.0000E+00
     4.5750E+00     4.4601E-06     4.4597E-06
     4.6000E+00     4.4601E-06     0.0000E+00
     4.6000E+00     4.4982E-06     0.0000E+00
     4.6250E+00     4.4982E-06     4.4978E-06
     4.6500E+00     4.4982E-06     0.0000E+00
     4.6500E+00     4.4800E-06     0.0000E+00
     4.6750E+00     4.4800E-06     4.4796E-06
     4.7000E+00     4.4800E-06     0.0000E+00
     4.7000E+00     4.4699E-06     0.0000E+00
     4.7250E+00     4.4699E-06     4.4695E-06
     4.7500E+00     4.4699E-06     0.0000E+00
     4.7500E+00     1.3364E-05     0.0000E+00
     4.7750E+00     1.3364E-05     7.7141E-06
     4.8000E+00     1.3364E-05     0.0000E+00
     4.8000E+00     9.4960E-06     0.0000E+00
     4.8250E+00     9.4960E-06     6.7227E-06
     4.8500E+00     9.4960E-06     0.0000E+00
     4.8500E+00     4.4451E-16     0.0000E+00
     4.8750E+00     4.4451E-16     0.0000E+00
     4.9000E+00     4.4451E-16     0.0000E+00
     4.9000E+00     4.4451E-16     0.0000E+00
     4.9250E+00     4.4451E-16     0.0000E+00
     4.9500E+00     4.4451E-16     0.0000E+00
     4.9500E+00     9.8257E-06     0.0000E+00
     4.9750E+00     9.8257E-06     6.9767E-06
     5.0000E+00     9.8257E-06     0.0000E+00
     5.0000E+00     2.3099E-05     0.0000E+00
     5.0250E+00     2.3099E-05     1.5525E-05
     5.0500E+00     2.3099E-05     0.0000E+00
     5.0500E+00     9.5092E-06     0.0000E+00
     5.0750E+00     9.5092E-06     6.7358E-06
     5.1000E+00     9.5092E-06     0.0000E+00
     5.1000E+00     2.7231E-05     0.0000E+00
     5.1250E+00     2.7231E-05     1.1118E-05
     5.1500E+00     2.7231E-05     0.0000E+00
     5.1500E+00     4.4451E-16     0.0000E+00
     5.1750E+00     4.4451E-16     0.0000E+00
     5.2000E+00     4.4451E-16     0.0000E+00
     5.2000E+00     1.4281E-05     0.0000E+00
     5.2250E+00     1.4281E-05     8.2461E-06
     5.2500E+00     1.4281E-05     0.0000E+00
     5.2500E+00     4.4478E-06     0.0000E+00
     5.2750E+00     4.4478E-06     4.4474E-06
     5.3000E+00     4.4478E-06     0.0000E+00
     5.3000E+00     4.4451E-16     0.0000E+00
     5.3250E+00     4.4451E-16     0.0000E+00
     5.3500E+00     4.4451E-16     0.0000E+00
     5.3500E+00     4.4451E-16     0.0000E+00
     5.3750E+00     4.4451E-16     0.0000E+00
     5.4000E+00     4.4451E-16     0.0000E+00
     5.4000E+00     4.4451E-16     0.0000E+00
     5.4250E+00     4.4451E-16     0.0000E+00
     5.4500E+00     4.4451E-16     0.0000E+00
     5.4500E+00     9.4741E-06     0.0000E+00
     5.4750E+00     9.4741E-06     6.6994E-06
     5.5000E+00     9.4741E-06     0.0000E+00
     5.5000E+00     4.4451E-16     0.0000E+00
     5.5250E+00     4.4451E-16     0.0000E+00
     5.5500E+00     4.4451E-16     0.0000E+00
     5.5500E+00     4.4603E-06     0.0000E+00
     5.5750E+00     4.4603E-06     4.4598E-06
     5.6000E+00     4.4603E-06     0.0000E+00
     5.6000E+00     4.4532E-06     0.0000E+00
     5.6250E+00     4.4532E-06     4.4528E-06
     5.6500E+00     4.4532E-06     0.0000E+00
     5.6500E+00     4.4504E-06     0.0000E+00
     5.6750E+00     4.4504E-06     4.4499E-06
     5.7000E+00     4.4504E-06     0.0000E+00
     5.7000E+00     9.0059E-06     0.0000E+00
     5.7250E+00     9.0059E-06     6.3680E-06
     5.7500E+00     9.0059E-06     0.0000E+00
     5.7500E+00     4.4451E-16     0.0000E+00
     5.7750E+00     4.4451E-16     0.0000E+00
     5.8000E+00     4.4451E-16     0.0000E+00
     5.8000E+00     1.4455E-05     0.0000E+00
     5.8250E+00     1.4455E-05     8.3592E-06
     5.8500E+00     1.4455E-05     0.0000E+00
     5.8500E+00     4.4844E-06     0.0000E+00
     5.8750E+00     4.4844E-06     4.4839E-06
     5.9000E+00     4.4844E-06     0.0000E+00
     5.9000E+00     4.4864E-06     0.0000E+00
     5.9250E+00     4.4864E-06     4.4860E-06
     5.9500E+00     4.4864E-06     0.0000E+00
     5.9500E+00     9.8946E-06     0.0000E+00
     5.9750E+00     9.8946E-06     7.0275E-06
     6.0000E+00     9.8946E-06     0.0000E+00
     6.0000E+00     4.4470E-06     0.0000E+00
     6.0250E+00     4.4470E-06     4.4465E-06
     6.0500E+00     4.4470E-06     0.0000E+00
     6.0500E+00     4.4469E-06     0.0000E+00
     6.0750E+00     4.4469E-06     4.4464E-06
     6.1000E+00     4.4469E-06     0.0000E+00
     6.1000E+00     4.4451E-16     0.0000E+00
     6.1250E+00     4.4451E-16     0.0000E+00
     6.1500E+00     4.4451E-16     0.0000E+00
     6.1500E+00     4.4796E-06     0.0000E+00
     6.1750E+00     4.4796E-06     4.4791E-06
     6.2000E+00     4.4796E-06     0.0000E+00
     6.2000E+00     4.4451E-16     0.0000E+00
     6.2250E+00     4.4451E-16     0.0000E+00
     6.2500E+00     4.4451E-16     0.0000E+00
     6.2500E+00     8.9182E-06     0.0000E+00
     6.2750E+00     8.9182E-06     6.3055E-06
     6.3000E+00     8.9182E-06     0.0000E+00
     6.3000E+00     4.4731E-06     0.0000E+00
     6.3250E+00     4.4731E-06     4.4726E-06
     6.3500E+00     4.4731E-06     0.0000E+00
     6.3500E+00     4.4451E-16     0.0000E+00
     6.3750E+00     4.4451E-16     0.0000E+00
     6.4000E+00     4.4451E-16     0.0000E+00
     6.4000E+00     9.3316E-06     0.0000E+00
     6.4250E+00     9.3316E-06     6.5979E-06
     6.4500E+00     9.3316E-06     0.0000E+00
     6.4500E+00     4.4451E-16     0.0000E+00
     6.4750E+00     4.4451E-16     0.0000E+00
     6.5000E+00     4.4451E-16     0.0000E+00
     6.5000E+00     4.4796E-06     0.0000E+00
     6.5250E+00     4.4796E-06     4.4792E-06
     6.5500E+00     4.4796E-06     0.0000E+00
     6.5500E+00     4.4697E-06     0.0000E+00
     6.5750E+00     4.4697E-06     4.4693E-06
     6.6000E+00     4.4697E-06     0.0000E+00
     6.6000E+00     6.3562E-06     0.0000E+00
     6.6250E+00     6.3562E-06     6.3556E-06
     6.6500E+00     6.3562E-06     0.0000E+00
     6.6500E+00     4.4542E-06     0.0000E+00
     6.6750E+00     4.4542E-06     4.4538E-06
     6.7000E+00     4.4542E-06     0.0000E+00
     6.7000E+00     4.4451E-16     0.0000E+00
     6.7250E+00     4.4451E-16     0.0000E+00
     6.7500E+00     4.4451E-16     0.0000E+00
     6.7500E+00     8.9640E-06     0.0000E+00
     6.7750E+00     8.9640E-06     6.3378E-06
     6.8000E+00     8.9640E-06     0.0000E+00
     6.8000E+00     4.4451E-16     0.0000E+00
     6.8250E+00     4.4451E-16     0.0000E+00
     6.8500E+00     4.4451E-16     0.0000E+00
     6.8500E+00     4.4451E-16     0.0000E+00
     6.8750E+00     4.4451E-16     0.0000E+00
     6.9000E+00     4.4451E-16     0.0000E+00
     6.9000E+00     9.2737E-06     0.0000E+00
     6.9250E+00     9.2737E-06     6.5612E-06
     6.9500E+00     9.2737E-06     0.0000E+00
     6.9500E+00     1.3469E-05     0.0000E+00
     6.9750E+00     1.3469E-05     7.7752E-06
     7.0000E+00     1.3469E-05     0.0000E+00
     7.0000E+00     4.4610E-06     0.0000E+00
     7.0250E+00     4.4610E-06     4.4606E-06
     7.0500E+00     4.4610E-06     0.0000E+00
     7.0500E+00     4.4522E-06     0.0000E+00
     7.0750E+00     4.4522E-06     4.4517E-06
     7.1000E+00     4.4522E-06     0.0000E+00
     7.1000E+00     4.4451E-16     0.0000E+00
     7.1250E+00     4.4451E-16     0.0000E+00
     7.1500E+00     4.4451E-16     0.0000E+00
     7.1500E+00     8.8920E-06     0.0000E+00
     7.1750E+00     8.8920E-06     6.2869E-06
     7.2000E+00     8.8920E-06     0.0000E+00
     7.2000E+00     4.4480E-06     0.0000E+00
     7.2250E+00     4.4480E-06     4.4476E-06
     7.2500E+00     4.4480E-06     0.0000E+00
     7.2500E+00     4.4451E-16     0.0000E+00
     7.2750E+00     4.4451E-16     0.0000E+00
     7.3000E+00     4.4451E-16     0.0000E+00
     7.3000E+00     4.4451E-16     0.0000E+00
     7.3250E+00     4.4451E-16     0.0000E+00
     7.3500E+00     4.4451E-16     0.0000E+00
     7.3500E+00     4.6459E-06     0.0000E+00
     7.3750E+00     4.6459E-06     4.6454E-06
     7.4000E+00     4.6459E-06     0.0000E+00
     7.4000E+00     4.4520E-06     0.0000E+00
     7.4250E+00     4.4520E-06     4.4515E-06
     7.4500E+00     4.4520E-06     0.0000E+00
     7.4500E+00     4.4451E-16     0.0000E+00
     7.4750E+00     4.4451E-16     0.0000E+00
     7.5000E+00     4.4451E-16     0.0000E+00
     7.5000E+00     4.4692E-06     0.0000E+00
     7.5250E+00     4.4692E-06     4.4688E-06
     7.5500E+00     4.4692E-06     0.0000E+00
     7.5500E+00     4.4451E-16     0.0000E+00
     7.5750E+00     4.4451E-16     0.0000E+00
     7.6000E+00     4.4451E-16     0.0000E+00
     7.6000E+00     4.8963E-06     0.0000E+00
     7.6250E+00     4.8963E-06     4.8958E-06
     7.6500E+00     4.8963E-06     0.0000E+00
     7.6500E+00     4.4451E-16     0.0000E+00
     7.6750E+00     4.4451E-16     0.0000E+00
     7.7000E+00     4.4451E-16     0.0000E+00
     7.7000E+00     5.3392E-06     0.0000E+00
     7.7250E+00     5.3392E-06     5.3386E-06
     7.7500E+00     5.3392E-06     0.0000E+00
     7.7500E+00     4.4451E-16     0.0000E+00
     7.7750E+00     4.4451E-16     0.0000E+00
     7.8000E+00     4.4451E-16     0.0000E+00
     7.8000E+00     4.4451E-16     0.0000E+00
     7.8250E+00     4.4451E-16     0.0000E+00
     7.8500E+00     4.4451E-16     0.0000E+00
     7.8500E+00     4.4508E-06     0.0000E+00
     7.8750E+00     4.4508E-06     4.4503E-06
     7.9000E+00     4.4508E-06     0.0000E+00
     7.9000E+00     4.4451E-16     0.0000E+00
     7.9250E+00     4.4451E-16     0.0000E+00
     7.9500E+00     4.4451E-16     0.0000E+00
     7.9500E+00     4.4647E-06     0.0000E+00
     7.9750E+00     4.4647E-06     4.4642E-06
     8.0000E+00     4.4647E-06     0.0000E+00
     8.0000E+00     1.4564E-05     0.0000E+00
     8.0250E+00     1.4564E-05     8.4388E-06
     8.0500E+00     1.4564E-05     0.0000E+00
     8.0500E+00     4.4451E-16     0.0000E+00
     8.0750E+00     4.4451E-16     0.0000E+00
     8.1000E+00     4.4451E-16     0.0000E+00
     8.1000E+00     4.4494E-06     0.0000E+00
     8.1250E+00     4.4494E-06     4.4490E-06
     8.1500E+00     4.4494E-06     0.0000E+00
     8.1500E+00     4.4451E-16     0.0000E+00
     8.1750E+00     4.4451E-16     0.0000E+00
     8.2000E+00     4.4451E-16     0.0000E+00
     8.2000E+00     9.0622E-06     0.0000E+00
     8.2250E+00     9.0622E-06     6.4082E-06
     8.2500E+00     9.0622E-06     0.0000E+00
     8.2500E+00     4.6901E-06     0.0000E+00
     8.2750E+00     4.6901E-06     4.6896E-06
     8.3000E+00     4.6901E-06     0.0000E+00
     8.3000E+00     4.5314E-06     0.0000E+00
     8.3250E+00     4.5314E-06     4.5309E-06
     8.3500E+00     4.5314E-06     0.0000E+00
     8.3500E+00     4.7284E-06     0.0000E+00
     8.3750E+00     4.7284E-06     4.7279E-06
     8.4000E+00     4.7284E-06     0.0000E+00
     8.4000E+00     4.4505E-06     0.0000E+00
     8.4250E+00     4.4505E-06     4.4501E-06
     8.4500E+00     4.4505E-06     0.0000E+00
     8.4500E+00     4.4451E-16     0.0000E+00
     8.4750E+00     4.4451E-16     0.0000E+00
     8.5000E+00     4.4451E-16     0.0000E+00
     8.5000E+00     9.3201E-06     0.0000E+00
     8.5250E+00     9.3201E-06     6.5936E-06
     8.5500E+00     9.3201E-06     0.0000E+00
     8.5500E+00     4.4516E-06     0.0000E+00
     8.5750E+00     4.4516E-06     4.4512E-06
     8.6000E+00     4.4516E-06     0.0000E+00
     8.6000E+00     4.4451E-16     0.0000E+00
     8.6250E+00     4.4451E-16     0.0000E+00
     8.6500E+00     4.4451E-16     0.0000E+00
     8.6500E+00     4.7909E-06     0.0000E+00
     8.6750E+00     4.7909E-06     4.7904E-06
     8.7000E+00     4.7909E-06     0.0000E+00
     8.7000E+00     4.4451E-16     0.0000E+00
     8.7250E+00     4.4451E-16     0.0000E+00
     8.7500E+00     4.4451E-16     0.0000E+00
     8.7500E+00     1.3377E-05     0.0000E+00
     8.7750E+00     1.3377E-05     7.7218E-06
     8.8000E+00     1.3377E-05     0.0000E+00
     8.8000E+00     4.4451E-16     0.0000E+00
     8.8250E+00     4.4451E-16     0.0000E+00
     8.8500E+00     4.4451E-16     0.0000E+00
     8.8500E+00     8.9447E-06     0.0000E+00
     8.8750E+00     8.9447E-06     6.3243E-06
     8.9000E+00     8.9447E-06     0.0000E+00
     8.9000E+00     4.4718E-06     0.0000E+00
     8.9250E+00     4.4718E-06     4.4714E-06
     8.9500E+00     4.4718E-06     0.0000E+00
     8.9500E+00     4.6549E-06     0.0000E+00
     8.9750E+00     4.6549E-06     4.6545E-06
     9.0000E+00     4.6549E-06     0.0000E+00
     9.0000E+00     8.9007E-06     0.0000E+00
     9.0250E+00     8.9007E-06     6.2931E-06
     9.0500E+00     8.9007E-06     0.0000E+00
     9.0500E+00     4.4451E-16     0.0000E+00
     9.0750E+00     4.4451E-16     0.0000E+00
     9.1000E+00     4.4451E-16     0.0000E+00
     9.1000E+00     4.4451E-16     0.0000E+00
     9.1250E+00     4.4451E-16     0.0000E+00
     9.1500E+00     4.4451E-16     0.0000E+00
     9.1500E+00     9.3748E-06     0.0000E+00
     9.1750E+00     9.3748E-06     6.6366E-06
     9.2000E+00     9.3748E-06     0.0000E+00
     9.2000E+00     4.4451E-16     0.0000E+00
     9.2250E+00     4.4451E-16     0.0000E+00
     9.2500E+00     4.4451E-16     0.0000E+00
     9.2500E+00     4.4482E-06     0.0000E+00
     9.2750E+00     4.4482E-06     4.4478E-06
     9.3000E+00     4.4482E-06     0.0000E+00
     9.3000E+00     4.4451E-16     0.0000E+00
     9.3250E+00     4.4451E-16     0.0000E+00
     9.3500E+00     4.4451E-16     0.0000E+00
     9.3500E+00     4.4546E-06     0.0000E+00
     9.3750E+00     4.4546E-06     4.4542E-06
     9.4000E+00     4.4546E-06     0.0000E+00
     9.4000E+00     8.9073E-06     0.0000E+00
     9.4250E+00     8.9073E-06     6.2978E-06
     9.4500E+00     8.9073E-06     0.0000E+00
     9.4500E+00     4.4475E-06     0.0000E+00
     9.4750E+00     4.4475E-06     4.4470E-06
     9.5000E+00     4.4475E-06     0.0000E+00
     9.5000E+00     1.3346E-05     0.0000E+00
     9.5250E+00     1.3346E-05     7.7036E-06
     9.5500E+00     1.3346E-05     0.0000E+00
     9.5500E+00     4.4451E-16     0.0000E+00
     9.5750E+00     4.4451E-16     0.0000E+00
     9.6000E+00     4.4451E-16     0.0000E+00
     9.6000E+00     4.4451E-16     0.0000E+00
     9.6250E+00     4.4451E-16     0.0000E+00
     9.6500E+00     4.4451E-16     0.0000E+00
     9.6500E+00     4.4451E-16     0.0000E+00
     9.6750E+00     4.4451E-16     0.0000E+00
     9.7000E+00     4.4451E-16     0.0000E+00
     9.7000E+00     4.4487E-06     0.0000E+00
     9.7250E+00     4.4487E-06     4.4483E-06
     9.7500E+00     4.4487E-06     0.0000E+00
     9.7500E+00     8.9446E-06     0.0000E+00
     9.7750E+00     8.9446E-06     6.3242E-06
     9.8000E+00     8.9446E-06     0.0000E+00
     9.8000E+00     1.3601E-05     0.0000E+00
     9.8250E+00     1.3601E-05     7.8528E-06
     9.8500E+00     1.3601E-05     0.0000E+00
     9.8500E+00     8.9389E-06     0.0000E+00
     9.8750E+00     8.9389E-06     6.3202E-06
     9.9000E+00     8.9389E-06     0.0000E+00
     9.9000E+00     1.3375E-05     0.0000E+00
     9.9250E+00     1.3375E-05     7.7202E-06
     9.9500E+00     1.3375E-05     0.0000E+00
     9.9500E+00     1.3387E-05     0.0000E+00
     9.9750E+00     1.3387E-05     7.7277E-06
     1.0000E+01     1.3387E-05     0.0000E+00
     1.0000E+01     4.4451E-21     0.0000E+00
&
