@g0 type logx 
@    xaxis  ticklabel format exponential
@    title "weight distribution"
@    subtitle "/home/miia/EGSnrc/egs_home/BEAM_EX10MeVe/EX10MeVe1.egsphsp1"
@    legend on
@    legend box linestyle 0
@    legend x1 0.6
@    legend y1 0.75
@    view xmin 0.250000
@    xaxis  label "weight"
@    timestamp on
@    yaxis  label "particles/bin(equal width)/incident particle"
@    s0 on
@    legend string  0 "IQ =2  NO LATCH CHECK"
@    s0 errorbar length 0.000000
@    s0 symbol color 1
@TYPE xydy
     1.0000E-01     1.0000E-16     0.0000E+00
     1.0000E-01     1.0000E-11     0.0000E+00
     1.0173E-01     1.0000E-11     0.0000E+00
     1.0346E-01     1.0000E-11     0.0000E+00
     1.0346E-01     1.0000E-11     0.0000E+00
     1.0525E-01     1.0000E-11     0.0000E+00
     1.0704E-01     1.0000E-11     0.0000E+00
     1.0704E-01     1.0000E-11     0.0000E+00
     1.0889E-01     1.0000E-11     0.0000E+00
     1.1074E-01     1.0000E-11     0.0000E+00
     1.1074E-01     1.0000E-11     0.0000E+00
     1.1266E-01     1.0000E-11     0.0000E+00
     1.1457E-01     1.0000E-11     0.0000E+00
     1.1457E-01     1.0000E-11     0.0000E+00
     1.1656E-01     1.0000E-11     0.0000E+00
     1.1854E-01     1.0000E-11     0.0000E+00
     1.1854E-01     1.0000E-11     0.0000E+00
     1.2059E-01     1.0000E-11     0.0000E+00
     1.2264E-01     1.0000E-11     0.0000E+00
     1.2264E-01     1.0000E-11     0.0000E+00
     1.2476E-01     1.0000E-11     0.0000E+00
     1.2688E-01     1.0000E-11     0.0000E+00
     1.2688E-01     1.0000E-11     0.0000E+00
     1.2908E-01     1.0000E-11     0.0000E+00
     1.3127E-01     1.0000E-11     0.0000E+00
     1.3127E-01     1.0000E-11     0.0000E+00
     1.3354E-01     1.0000E-11     0.0000E+00
     1.3581E-01     1.0000E-11     0.0000E+00
     1.3581E-01     1.0000E-11     0.0000E+00
     1.3816E-01     1.0000E-11     0.0000E+00
     1.4051E-01     1.0000E-11     0.0000E+00
     1.4051E-01     1.0000E-11     0.0000E+00
     1.4294E-01     1.0000E-11     0.0000E+00
     1.4537E-01     1.0000E-11     0.0000E+00
     1.4537E-01     1.0000E-11     0.0000E+00
     1.4789E-01     1.0000E-11     0.0000E+00
     1.5040E-01     1.0000E-11     0.0000E+00
     1.5040E-01     1.0000E-11     0.0000E+00
     1.5300E-01     1.0000E-11     0.0000E+00
     1.5561E-01     1.0000E-11     0.0000E+00
     1.5561E-01     1.0000E-11     0.0000E+00
     1.5830E-01     1.0000E-11     0.0000E+00
     1.6099E-01     1.0000E-11     0.0000E+00
     1.6099E-01     1.0000E-11     0.0000E+00
     1.6377E-01     1.0000E-11     0.0000E+00
     1.6656E-01     1.0000E-11     0.0000E+00
     1.6656E-01     1.0000E-11     0.0000E+00
     1.6944E-01     1.0000E-11     0.0000E+00
     1.7232E-01     1.0000E-11     0.0000E+00
     1.7232E-01     1.0000E-11     0.0000E+00
     1.7530E-01     1.0000E-11     0.0000E+00
     1.7828E-01     1.0000E-11     0.0000E+00
     1.7828E-01     1.0000E-11     0.0000E+00
     1.8137E-01     1.0000E-11     0.0000E+00
     1.8445E-01     1.0000E-11     0.0000E+00
     1.8445E-01     1.0000E-11     0.0000E+00
     1.8764E-01     1.0000E-11     0.0000E+00
     1.9083E-01     1.0000E-11     0.0000E+00
     1.9083E-01     1.0000E-11     0.0000E+00
     1.9413E-01     1.0000E-11     0.0000E+00
     1.9744E-01     1.0000E-11     0.0000E+00
     1.9744E-01     1.0000E-11     0.0000E+00
     2.0085E-01     1.0000E-11     0.0000E+00
     2.0427E-01     1.0000E-11     0.0000E+00
     2.0427E-01     1.0000E-11     0.0000E+00
     2.0780E-01     1.0000E-11     0.0000E+00
     2.1133E-01     1.0000E-11     0.0000E+00
     2.1133E-01     1.0000E-11     0.0000E+00
     2.1499E-01     1.0000E-11     0.0000E+00
     2.1864E-01     1.0000E-11     0.0000E+00
     2.1864E-01     1.0000E-11     0.0000E+00
     2.2243E-01     1.0000E-11     0.0000E+00
     2.2621E-01     1.0000E-11     0.0000E+00
     2.2621E-01     1.0000E-11     0.0000E+00
     2.3012E-01     1.0000E-11     0.0000E+00
     2.3403E-01     1.0000E-11     0.0000E+00
     2.3403E-01     1.0000E-11     0.0000E+00
     2.3808E-01     1.0000E-11     0.0000E+00
     2.4213E-01     1.0000E-11     0.0000E+00
     2.4213E-01     1.0000E-11     0.0000E+00
     2.4632E-01     1.0000E-11     0.0000E+00
     2.5051E-01     1.0000E-11     0.0000E+00
     2.5051E-01     1.0000E-11     0.0000E+00
     2.5484E-01     1.0000E-11     0.0000E+00
     2.5918E-01     1.0000E-11     0.0000E+00
     2.5918E-01     1.0000E-11     0.0000E+00
     2.6366E-01     1.0000E-11     0.0000E+00
     2.6814E-01     1.0000E-11     0.0000E+00
     2.6814E-01     1.0000E-11     0.0000E+00
     2.7278E-01     1.0000E-11     0.0000E+00
     2.7742E-01     1.0000E-11     0.0000E+00
     2.7742E-01     1.0000E-11     0.0000E+00
     2.8222E-01     1.0000E-11     0.0000E+00
     2.8702E-01     1.0000E-11     0.0000E+00
     2.8702E-01     1.0000E-11     0.0000E+00
     2.9198E-01     1.0000E-11     0.0000E+00
     2.9695E-01     1.0000E-11     0.0000E+00
     2.9695E-01     1.0000E-11     0.0000E+00
     3.0208E-01     1.0000E-11     0.0000E+00
     3.0722E-01     1.0000E-11     0.0000E+00
     3.0722E-01     1.0000E-11     0.0000E+00
     3.1253E-01     1.0000E-11     0.0000E+00
     3.1785E-01     1.0000E-11     0.0000E+00
     3.1785E-01     1.0000E-11     0.0000E+00
     3.2335E-01     1.0000E-11     0.0000E+00
     3.2885E-01     1.0000E-11     0.0000E+00
     3.2885E-01     1.0000E-11     0.0000E+00
     3.3453E-01     1.0000E-11     0.0000E+00
     3.4022E-01     1.0000E-11     0.0000E+00
     3.4022E-01     1.0000E-11     0.0000E+00
     3.4611E-01     1.0000E-11     0.0000E+00
     3.5199E-01     1.0000E-11     0.0000E+00
     3.5199E-01     1.0000E-11     0.0000E+00
     3.5808E-01     1.0000E-11     0.0000E+00
     3.6417E-01     1.0000E-11     0.0000E+00
     3.6417E-01     1.0000E-11     0.0000E+00
     3.7047E-01     1.0000E-11     0.0000E+00
     3.7677E-01     1.0000E-11     0.0000E+00
     3.7677E-01     1.0000E-11     0.0000E+00
     3.8329E-01     1.0000E-11     0.0000E+00
     3.8981E-01     1.0000E-11     0.0000E+00
     3.8981E-01     1.0000E-11     0.0000E+00
     3.9655E-01     1.0000E-11     0.0000E+00
     4.0329E-01     1.0000E-11     0.0000E+00
     4.0329E-01     1.0000E-11     0.0000E+00
     4.1027E-01     1.0000E-11     0.0000E+00
     4.1724E-01     1.0000E-11     0.0000E+00
     4.1724E-01     1.0000E-11     0.0000E+00
     4.2446E-01     1.0000E-11     0.0000E+00
     4.3168E-01     1.0000E-11     0.0000E+00
     4.3168E-01     1.0000E-11     0.0000E+00
     4.3915E-01     1.0000E-11     0.0000E+00
     4.4662E-01     1.0000E-11     0.0000E+00
     4.4662E-01     1.0000E-11     0.0000E+00
     4.5434E-01     1.0000E-11     0.0000E+00
     4.6207E-01     1.0000E-11     0.0000E+00
     4.6207E-01     1.0000E-11     0.0000E+00
     4.7006E-01     1.0000E-11     0.0000E+00
     4.7805E-01     1.0000E-11     0.0000E+00
     4.7805E-01     1.0000E-11     0.0000E+00
     4.8632E-01     1.0000E-11     0.0000E+00
     4.9459E-01     1.0000E-11     0.0000E+00
     4.9459E-01     1.0000E-11     0.0000E+00
     5.0315E-01     1.0000E-11     0.0000E+00
     5.1170E-01     1.0000E-11     0.0000E+00
     5.1170E-01     1.0000E-11     0.0000E+00
     5.2055E-01     1.0000E-11     0.0000E+00
     5.2941E-01     1.0000E-11     0.0000E+00
     5.2941E-01     1.0000E-11     0.0000E+00
     5.3856E-01     1.0000E-11     0.0000E+00
     5.4772E-01     1.0000E-11     0.0000E+00
     5.4772E-01     1.0000E-11     0.0000E+00
     5.5720E-01     1.0000E-11     0.0000E+00
     5.6667E-01     1.0000E-11     0.0000E+00
     5.6667E-01     1.0000E-11     0.0000E+00
     5.7647E-01     1.0000E-11     0.0000E+00
     5.8628E-01     1.0000E-11     0.0000E+00
     5.8628E-01     1.0000E-11     0.0000E+00
     5.9642E-01     1.0000E-11     0.0000E+00
     6.0656E-01     1.0000E-11     0.0000E+00
     6.0656E-01     1.0000E-11     0.0000E+00
     6.1705E-01     1.0000E-11     0.0000E+00
     6.2755E-01     1.0000E-11     0.0000E+00
     6.2755E-01     1.0000E-11     0.0000E+00
     6.3840E-01     1.0000E-11     0.0000E+00
     6.4926E-01     1.0000E-11     0.0000E+00
     6.4926E-01     1.0000E-11     0.0000E+00
     6.6049E-01     1.0000E-11     0.0000E+00
     6.7172E-01     1.0000E-11     0.0000E+00
     6.7172E-01     1.0000E-11     0.0000E+00
     6.8334E-01     1.0000E-11     0.0000E+00
     6.9496E-01     1.0000E-11     0.0000E+00
     6.9496E-01     1.0000E-11     0.0000E+00
     7.0698E-01     1.0000E-11     0.0000E+00
     7.1900E-01     1.0000E-11     0.0000E+00
     7.1900E-01     1.0000E-11     0.0000E+00
     7.3144E-01     1.0000E-11     0.0000E+00
     7.4388E-01     1.0000E-11     0.0000E+00
     7.4388E-01     1.0000E-11     0.0000E+00
     7.5675E-01     1.0000E-11     0.0000E+00
     7.6961E-01     1.0000E-11     0.0000E+00
     7.6961E-01     1.0000E-11     0.0000E+00
     7.8293E-01     1.0000E-11     0.0000E+00
     7.9624E-01     1.0000E-11     0.0000E+00
     7.9624E-01     1.0000E-11     0.0000E+00
     8.1001E-01     1.0000E-11     0.0000E+00
     8.2379E-01     1.0000E-11     0.0000E+00
     8.2379E-01     1.0000E-11     0.0000E+00
     8.3804E-01     1.0000E-11     0.0000E+00
     8.5229E-01     1.0000E-11     0.0000E+00
     8.5229E-01     1.0000E-11     0.0000E+00
     8.6703E-01     1.0000E-11     0.0000E+00
     8.8177E-01     1.0000E-11     0.0000E+00
     8.8177E-01     1.0000E-11     0.0000E+00
     8.9703E-01     1.0000E-11     0.0000E+00
     9.1228E-01     1.0000E-11     0.0000E+00
     9.1228E-01     1.0000E-11     0.0000E+00
     9.2806E-01     1.0000E-11     0.0000E+00
     9.4384E-01     1.0000E-11     0.0000E+00
     9.4384E-01     1.0000E-11     0.0000E+00
     9.6017E-01     1.0000E-11     0.0000E+00
     9.7650E-01     1.0000E-11     0.0000E+00
     9.7650E-01     1.5480E-01     0.0000E+00
     9.9339E-01     1.5480E-01     6.0212E-03
     1.0103E+00     1.5480E-01     0.0000E+00
     1.0103E+00     1.0000E-11     0.0000E+00
     1.0278E+00     1.0000E-11     0.0000E+00
     1.0452E+00     1.0000E-11     0.0000E+00
     1.0452E+00     1.0000E-11     0.0000E+00
     1.0633E+00     1.0000E-11     0.0000E+00
     1.0814E+00     1.0000E-11     0.0000E+00
     1.0814E+00     1.0000E-11     0.0000E+00
     1.1001E+00     1.0000E-11     0.0000E+00
     1.1188E+00     1.0000E-11     0.0000E+00
     1.1188E+00     1.0000E-11     0.0000E+00
     1.1382E+00     1.0000E-11     0.0000E+00
     1.1575E+00     1.0000E-11     0.0000E+00
     1.1575E+00     1.0000E-11     0.0000E+00
     1.1775E+00     1.0000E-11     0.0000E+00
     1.1976E+00     1.0000E-11     0.0000E+00
     1.1976E+00     1.0000E-11     0.0000E+00
     1.2183E+00     1.0000E-11     0.0000E+00
     1.2390E+00     1.0000E-11     0.0000E+00
     1.2390E+00     1.0000E-11     0.0000E+00
     1.2604E+00     1.0000E-11     0.0000E+00
     1.2819E+00     1.0000E-11     0.0000E+00
     1.2819E+00     1.0000E-11     0.0000E+00
     1.3040E+00     1.0000E-11     0.0000E+00
     1.3262E+00     1.0000E-11     0.0000E+00
     1.3262E+00     1.0000E-11     0.0000E+00
     1.3492E+00     1.0000E-11     0.0000E+00
     1.3721E+00     1.0000E-11     0.0000E+00
     1.3721E+00     1.0000E-11     0.0000E+00
     1.3958E+00     1.0000E-11     0.0000E+00
     1.4196E+00     1.0000E-11     0.0000E+00
     1.4196E+00     1.0000E-11     0.0000E+00
     1.4441E+00     1.0000E-11     0.0000E+00
     1.4687E+00     1.0000E-11     0.0000E+00
     1.4687E+00     1.0000E-11     0.0000E+00
     1.4941E+00     1.0000E-11     0.0000E+00
     1.5195E+00     1.0000E-11     0.0000E+00
     1.5195E+00     1.0000E-11     0.0000E+00
     1.5458E+00     1.0000E-11     0.0000E+00
     1.5721E+00     1.0000E-11     0.0000E+00
     1.5721E+00     1.0000E-11     0.0000E+00
     1.5993E+00     1.0000E-11     0.0000E+00
     1.6264E+00     1.0000E-11     0.0000E+00
     1.6264E+00     1.0000E-11     0.0000E+00
     1.6546E+00     1.0000E-11     0.0000E+00
     1.6827E+00     1.0000E-11     0.0000E+00
     1.6827E+00     1.0000E-11     0.0000E+00
     1.7118E+00     1.0000E-11     0.0000E+00
     1.7409E+00     1.0000E-11     0.0000E+00
     1.7409E+00     1.0000E-11     0.0000E+00
     1.7710E+00     1.0000E-11     0.0000E+00
     1.8012E+00     1.0000E-11     0.0000E+00
     1.8012E+00     1.0000E-11     0.0000E+00
     1.8323E+00     1.0000E-11     0.0000E+00
     1.8635E+00     1.0000E-11     0.0000E+00
     1.8635E+00     1.0000E-11     0.0000E+00
     1.8957E+00     1.0000E-11     0.0000E+00
     1.9279E+00     1.0000E-11     0.0000E+00
     1.9279E+00     1.0000E-11     0.0000E+00
     1.9613E+00     1.0000E-11     0.0000E+00
     1.9947E+00     1.0000E-11     0.0000E+00
     1.9947E+00     1.0000E-11     0.0000E+00
     2.0292E+00     1.0000E-11     0.0000E+00
     2.0637E+00     1.0000E-11     0.0000E+00
     2.0637E+00     1.0000E-11     0.0000E+00
     2.0994E+00     1.0000E-11     0.0000E+00
     2.1351E+00     1.0000E-11     0.0000E+00
     2.1351E+00     1.0000E-11     0.0000E+00
     2.1720E+00     1.0000E-11     0.0000E+00
     2.2089E+00     1.0000E-11     0.0000E+00
     2.2089E+00     1.0000E-11     0.0000E+00
     2.2471E+00     1.0000E-11     0.0000E+00
     2.2853E+00     1.0000E-11     0.0000E+00
     2.2853E+00     1.0000E-11     0.0000E+00
     2.3249E+00     1.0000E-11     0.0000E+00
     2.3644E+00     1.0000E-11     0.0000E+00
     2.3644E+00     1.0000E-11     0.0000E+00
     2.4053E+00     1.0000E-11     0.0000E+00
     2.4462E+00     1.0000E-11     0.0000E+00
     2.4462E+00     1.0000E-11     0.0000E+00
     2.4885E+00     1.0000E-11     0.0000E+00
     2.5308E+00     1.0000E-11     0.0000E+00
     2.5308E+00     1.0000E-11     0.0000E+00
     2.5746E+00     1.0000E-11     0.0000E+00
     2.6184E+00     1.0000E-11     0.0000E+00
     2.6184E+00     1.0000E-11     0.0000E+00
     2.6637E+00     1.0000E-11     0.0000E+00
     2.7090E+00     1.0000E-11     0.0000E+00
     2.7090E+00     1.0000E-11     0.0000E+00
     2.7559E+00     1.0000E-11     0.0000E+00
     2.8027E+00     1.0000E-11     0.0000E+00
     2.8027E+00     1.0000E-11     0.0000E+00
     2.8512E+00     1.0000E-11     0.0000E+00
     2.8997E+00     1.0000E-11     0.0000E+00
     2.8997E+00     1.0000E-11     0.0000E+00
     2.9498E+00     1.0000E-11     0.0000E+00
     3.0000E+00     1.0000E-11     0.0000E+00
     3.0000E+00     1.0000E-11     0.0000E+00
     3.0519E+00     1.0000E-11     0.0000E+00
     3.1038E+00     1.0000E-11     0.0000E+00
     3.1038E+00     1.0000E-11     0.0000E+00
     3.1575E+00     1.0000E-11     0.0000E+00
     3.2112E+00     1.0000E-11     0.0000E+00
     3.2112E+00     1.0000E-11     0.0000E+00
     3.2667E+00     1.0000E-11     0.0000E+00
     3.3223E+00     1.0000E-11     0.0000E+00
     3.3223E+00     1.0000E-11     0.0000E+00
     3.3797E+00     1.0000E-11     0.0000E+00
     3.4372E+00     1.0000E-11     0.0000E+00
     3.4372E+00     1.0000E-11     0.0000E+00
     3.4967E+00     1.0000E-11     0.0000E+00
     3.5561E+00     1.0000E-11     0.0000E+00
     3.5561E+00     1.0000E-11     0.0000E+00
     3.6176E+00     1.0000E-11     0.0000E+00
     3.6792E+00     1.0000E-11     0.0000E+00
     3.6792E+00     1.0000E-11     0.0000E+00
     3.7428E+00     1.0000E-11     0.0000E+00
     3.8064E+00     1.0000E-11     0.0000E+00
     3.8064E+00     1.0000E-11     0.0000E+00
     3.8723E+00     1.0000E-11     0.0000E+00
     3.9381E+00     1.0000E-11     0.0000E+00
     3.9381E+00     1.0000E-11     0.0000E+00
     4.0063E+00     1.0000E-11     0.0000E+00
     4.0744E+00     1.0000E-11     0.0000E+00
     4.0744E+00     1.0000E-11     0.0000E+00
     4.1449E+00     1.0000E-11     0.0000E+00
     4.2153E+00     1.0000E-11     0.0000E+00
     4.2153E+00     1.0000E-11     0.0000E+00
     4.2883E+00     1.0000E-11     0.0000E+00
     4.3612E+00     1.0000E-11     0.0000E+00
     4.3612E+00     1.0000E-11     0.0000E+00
     4.4366E+00     1.0000E-11     0.0000E+00
     4.5121E+00     1.0000E-11     0.0000E+00
     4.5121E+00     1.0000E-11     0.0000E+00
     4.5901E+00     1.0000E-11     0.0000E+00
     4.6682E+00     1.0000E-11     0.0000E+00
     4.6682E+00     1.0000E-11     0.0000E+00
     4.7489E+00     1.0000E-11     0.0000E+00
     4.8297E+00     1.0000E-11     0.0000E+00
     4.8297E+00     1.0000E-11     0.0000E+00
     4.9132E+00     1.0000E-11     0.0000E+00
     4.9968E+00     1.0000E-11     0.0000E+00
     4.9968E+00     1.0000E-11     0.0000E+00
     5.0832E+00     1.0000E-11     0.0000E+00
     5.1696E+00     1.0000E-11     0.0000E+00
     5.1696E+00     1.0000E-11     0.0000E+00
     5.2591E+00     1.0000E-11     0.0000E+00
     5.3485E+00     1.0000E-11     0.0000E+00
     5.3485E+00     1.0000E-11     0.0000E+00
     5.4410E+00     1.0000E-11     0.0000E+00
     5.5335E+00     1.0000E-11     0.0000E+00
     5.5335E+00     1.0000E-11     0.0000E+00
     5.6293E+00     1.0000E-11     0.0000E+00
     5.7250E+00     1.0000E-11     0.0000E+00
     5.7250E+00     1.0000E-11     0.0000E+00
     5.8240E+00     1.0000E-11     0.0000E+00
     5.9231E+00     1.0000E-11     0.0000E+00
     5.9231E+00     1.0000E-11     0.0000E+00
     6.0255E+00     1.0000E-11     0.0000E+00
     6.1280E+00     1.0000E-11     0.0000E+00
     6.1280E+00     1.0000E-11     0.0000E+00
     6.2340E+00     1.0000E-11     0.0000E+00
     6.3400E+00     1.0000E-11     0.0000E+00
     6.3400E+00     1.0000E-11     0.0000E+00
     6.4497E+00     1.0000E-11     0.0000E+00
     6.5593E+00     1.0000E-11     0.0000E+00
     6.5593E+00     1.0000E-11     0.0000E+00
     6.6728E+00     1.0000E-11     0.0000E+00
     6.7863E+00     1.0000E-11     0.0000E+00
     6.7863E+00     1.0000E-11     0.0000E+00
     6.9036E+00     1.0000E-11     0.0000E+00
     7.0210E+00     1.0000E-11     0.0000E+00
     7.0210E+00     1.0000E-11     0.0000E+00
     7.1425E+00     1.0000E-11     0.0000E+00
     7.2639E+00     1.0000E-11     0.0000E+00
     7.2639E+00     1.0000E-11     0.0000E+00
     7.3896E+00     1.0000E-11     0.0000E+00
     7.5153E+00     1.0000E-11     0.0000E+00
     7.5153E+00     1.0000E-11     0.0000E+00
     7.6453E+00     1.0000E-11     0.0000E+00
     7.7753E+00     1.0000E-11     0.0000E+00
     7.7753E+00     1.0000E-11     0.0000E+00
     7.9098E+00     1.0000E-11     0.0000E+00
     8.0443E+00     1.0000E-11     0.0000E+00
     8.0443E+00     1.0000E-11     0.0000E+00
     8.1834E+00     1.0000E-11     0.0000E+00
     8.3226E+00     1.0000E-11     0.0000E+00
     8.3226E+00     1.0000E-11     0.0000E+00
     8.4665E+00     1.0000E-11     0.0000E+00
     8.6105E+00     1.0000E-11     0.0000E+00
     8.6105E+00     1.0000E-11     0.0000E+00
     8.7595E+00     1.0000E-11     0.0000E+00
     8.9084E+00     1.0000E-11     0.0000E+00
     8.9084E+00     1.0000E-11     0.0000E+00
     9.0625E+00     1.0000E-11     0.0000E+00
     9.2166E+00     1.0000E-11     0.0000E+00
     9.2166E+00     1.0000E-11     0.0000E+00
     9.3760E+00     1.0000E-11     0.0000E+00
     9.5355E+00     1.0000E-11     0.0000E+00
     9.5355E+00     1.0000E-11     0.0000E+00
     9.7004E+00     1.0000E-11     0.0000E+00
     9.8654E+00     1.0000E-11     0.0000E+00
     9.8654E+00     1.0000E-11     0.0000E+00
     1.0036E+01     1.0000E-11     0.0000E+00
     1.0207E+01     1.0000E-11     0.0000E+00
     1.0207E+01     1.0000E-11     0.0000E+00
     1.0383E+01     1.0000E-11     0.0000E+00
     1.0560E+01     1.0000E-11     0.0000E+00
     1.0560E+01     1.0000E-11     0.0000E+00
     1.0742E+01     1.0000E-11     0.0000E+00
     1.0925E+01     1.0000E-11     0.0000E+00
     1.0925E+01     1.0000E-11     0.0000E+00
     1.1114E+01     1.0000E-11     0.0000E+00
     1.1303E+01     1.0000E-11     0.0000E+00
     1.1303E+01     1.0000E-11     0.0000E+00
     1.1499E+01     1.0000E-11     0.0000E+00
     1.1694E+01     1.0000E-11     0.0000E+00
     1.1694E+01     1.0000E-11     0.0000E+00
     1.1896E+01     1.0000E-11     0.0000E+00
     1.2099E+01     1.0000E-11     0.0000E+00
     1.2099E+01     1.0000E-11     0.0000E+00
     1.2308E+01     1.0000E-11     0.0000E+00
     1.2517E+01     1.0000E-11     0.0000E+00
     1.2517E+01     1.0000E-11     0.0000E+00
     1.2734E+01     1.0000E-11     0.0000E+00
     1.2950E+01     1.0000E-11     0.0000E+00
     1.2950E+01     1.0000E-11     0.0000E+00
     1.3174E+01     1.0000E-11     0.0000E+00
     1.3398E+01     1.0000E-11     0.0000E+00
     1.3398E+01     1.0000E-11     0.0000E+00
     1.3630E+01     1.0000E-11     0.0000E+00
     1.3862E+01     1.0000E-11     0.0000E+00
     1.3862E+01     1.0000E-11     0.0000E+00
     1.4102E+01     1.0000E-11     0.0000E+00
     1.4342E+01     1.0000E-11     0.0000E+00
     1.4342E+01     1.0000E-11     0.0000E+00
     1.4590E+01     1.0000E-11     0.0000E+00
     1.4838E+01     1.0000E-11     0.0000E+00
     1.4838E+01     1.0000E-11     0.0000E+00
     1.5094E+01     1.0000E-11     0.0000E+00
     1.5351E+01     1.0000E-11     0.0000E+00
     1.5351E+01     1.0000E-11     0.0000E+00
     1.5617E+01     1.0000E-11     0.0000E+00
     1.5882E+01     1.0000E-11     0.0000E+00
     1.5882E+01     1.0000E-11     0.0000E+00
     1.6157E+01     1.0000E-11     0.0000E+00
     1.6432E+01     1.0000E-11     0.0000E+00
     1.6432E+01     1.0000E-11     0.0000E+00
     1.6716E+01     1.0000E-11     0.0000E+00
     1.7000E+01     1.0000E-11     0.0000E+00
     1.7000E+01     1.0000E-11     0.0000E+00
     1.7294E+01     1.0000E-11     0.0000E+00
     1.7588E+01     1.0000E-11     0.0000E+00
     1.7588E+01     1.0000E-11     0.0000E+00
     1.7893E+01     1.0000E-11     0.0000E+00
     1.8197E+01     1.0000E-11     0.0000E+00
     1.8197E+01     1.0000E-11     0.0000E+00
     1.8512E+01     1.0000E-11     0.0000E+00
     1.8826E+01     1.0000E-11     0.0000E+00
     1.8826E+01     1.0000E-11     0.0000E+00
     1.9152E+01     1.0000E-11     0.0000E+00
     1.9478E+01     1.0000E-11     0.0000E+00
     1.9478E+01     1.0000E-11     0.0000E+00
     1.9815E+01     1.0000E-11     0.0000E+00
     2.0152E+01     1.0000E-11     0.0000E+00
     2.0152E+01     1.0000E-11     0.0000E+00
     2.0500E+01     1.0000E-11     0.0000E+00
     2.0849E+01     1.0000E-11     0.0000E+00
     2.0849E+01     1.0000E-11     0.0000E+00
     2.1209E+01     1.0000E-11     0.0000E+00
     2.1570E+01     1.0000E-11     0.0000E+00
     2.1570E+01     1.0000E-11     0.0000E+00
     2.1943E+01     1.0000E-11     0.0000E+00
     2.2316E+01     1.0000E-11     0.0000E+00
     2.2316E+01     1.0000E-11     0.0000E+00
     2.2702E+01     1.0000E-11     0.0000E+00
     2.3088E+01     1.0000E-11     0.0000E+00
     2.3088E+01     1.0000E-11     0.0000E+00
     2.3488E+01     1.0000E-11     0.0000E+00
     2.3887E+01     1.0000E-11     0.0000E+00
     2.3887E+01     1.0000E-11     0.0000E+00
     2.4300E+01     1.0000E-11     0.0000E+00
     2.4714E+01     1.0000E-11     0.0000E+00
     2.4714E+01     1.0000E-11     0.0000E+00
     2.5141E+01     1.0000E-11     0.0000E+00
     2.5569E+01     1.0000E-11     0.0000E+00
     2.5569E+01     1.0000E-11     0.0000E+00
     2.6011E+01     1.0000E-11     0.0000E+00
     2.6453E+01     1.0000E-11     0.0000E+00
     2.6453E+01     1.0000E-11     0.0000E+00
     2.6911E+01     1.0000E-11     0.0000E+00
     2.7368E+01     1.0000E-11     0.0000E+00
     2.7368E+01     1.0000E-11     0.0000E+00
     2.7842E+01     1.0000E-11     0.0000E+00
     2.8315E+01     1.0000E-11     0.0000E+00
     2.8315E+01     1.0000E-11     0.0000E+00
     2.8805E+01     1.0000E-11     0.0000E+00
     2.9295E+01     1.0000E-11     0.0000E+00
     2.9295E+01     1.0000E-11     0.0000E+00
     2.9802E+01     1.0000E-11     0.0000E+00
     3.0308E+01     1.0000E-11     0.0000E+00
     3.0308E+01     1.0000E-11     0.0000E+00
     3.0833E+01     1.0000E-11     0.0000E+00
     3.1357E+01     1.0000E-11     0.0000E+00
     3.1357E+01     1.0000E-11     0.0000E+00
     3.1899E+01     1.0000E-11     0.0000E+00
     3.2442E+01     1.0000E-11     0.0000E+00
     3.2442E+01     1.0000E-11     0.0000E+00
     3.3003E+01     1.0000E-11     0.0000E+00
     3.3564E+01     1.0000E-11     0.0000E+00
     3.3564E+01     1.0000E-11     0.0000E+00
     3.4145E+01     1.0000E-11     0.0000E+00
     3.4726E+01     1.0000E-11     0.0000E+00
     3.4726E+01     1.0000E-11     0.0000E+00
     3.5326E+01     1.0000E-11     0.0000E+00
     3.5927E+01     1.0000E-11     0.0000E+00
     3.5927E+01     1.0000E-11     0.0000E+00
     3.6548E+01     1.0000E-11     0.0000E+00
     3.7170E+01     1.0000E-11     0.0000E+00
     3.7170E+01     1.0000E-11     0.0000E+00
     3.7813E+01     1.0000E-11     0.0000E+00
     3.8456E+01     1.0000E-11     0.0000E+00
     3.8456E+01     1.0000E-11     0.0000E+00
     3.9121E+01     1.0000E-11     0.0000E+00
     3.9786E+01     1.0000E-11     0.0000E+00
     3.9786E+01     1.0000E-11     0.0000E+00
     4.0475E+01     1.0000E-11     0.0000E+00
     4.1163E+01     1.0000E-11     0.0000E+00
     4.1163E+01     1.0000E-11     0.0000E+00
     4.1875E+01     1.0000E-11     0.0000E+00
     4.2587E+01     1.0000E-11     0.0000E+00
     4.2587E+01     1.0000E-11     0.0000E+00
     4.3324E+01     1.0000E-11     0.0000E+00
     4.4060E+01     1.0000E-11     0.0000E+00
     4.4060E+01     1.0000E-11     0.0000E+00
     4.4822E+01     1.0000E-11     0.0000E+00
     4.5585E+01     1.0000E-11     0.0000E+00
     4.5585E+01     1.0000E-11     0.0000E+00
     4.6373E+01     1.0000E-11     0.0000E+00
     4.7162E+01     1.0000E-11     0.0000E+00
     4.7162E+01     1.0000E-11     0.0000E+00
     4.7978E+01     1.0000E-11     0.0000E+00
     4.8793E+01     1.0000E-11     0.0000E+00
     4.8793E+01     1.0000E-11     0.0000E+00
     4.9637E+01     1.0000E-11     0.0000E+00
     5.0481E+01     1.0000E-11     0.0000E+00
     5.0481E+01     1.0000E-11     0.0000E+00
     5.1355E+01     1.0000E-11     0.0000E+00
     5.2228E+01     1.0000E-11     0.0000E+00
     5.2228E+01     1.0000E-11     0.0000E+00
     5.3131E+01     1.0000E-11     0.0000E+00
     5.4035E+01     1.0000E-11     0.0000E+00
     5.4035E+01     1.0000E-11     0.0000E+00
     5.4970E+01     1.0000E-11     0.0000E+00
     5.5904E+01     1.0000E-11     0.0000E+00
     5.5904E+01     1.0000E-11     0.0000E+00
     5.6871E+01     1.0000E-11     0.0000E+00
     5.7838E+01     1.0000E-11     0.0000E+00
     5.7838E+01     1.0000E-11     0.0000E+00
     5.8839E+01     1.0000E-11     0.0000E+00
     5.9840E+01     1.0000E-11     0.0000E+00
     5.9840E+01     1.0000E-11     0.0000E+00
     6.0875E+01     1.0000E-11     0.0000E+00
     6.1910E+01     1.0000E-11     0.0000E+00
     6.1910E+01     1.0000E-11     0.0000E+00
     6.2981E+01     1.0000E-11     0.0000E+00
     6.4052E+01     1.0000E-11     0.0000E+00
     6.4052E+01     1.0000E-11     0.0000E+00
     6.5160E+01     1.0000E-11     0.0000E+00
     6.6268E+01     1.0000E-11     0.0000E+00
     6.6268E+01     1.0000E-11     0.0000E+00
     6.7414E+01     1.0000E-11     0.0000E+00
     6.8560E+01     1.0000E-11     0.0000E+00
     6.8560E+01     1.0000E-11     0.0000E+00
     6.9746E+01     1.0000E-11     0.0000E+00
     7.0932E+01     1.0000E-11     0.0000E+00
     7.0932E+01     1.0000E-11     0.0000E+00
     7.2159E+01     1.0000E-11     0.0000E+00
     7.3386E+01     1.0000E-11     0.0000E+00
     7.3386E+01     1.0000E-11     0.0000E+00
     7.4656E+01     1.0000E-11     0.0000E+00
     7.5925E+01     1.0000E-11     0.0000E+00
     7.5925E+01     1.0000E-11     0.0000E+00
     7.7239E+01     1.0000E-11     0.0000E+00
     7.8552E+01     1.0000E-11     0.0000E+00
     7.8552E+01     1.0000E-11     0.0000E+00
     7.9911E+01     1.0000E-11     0.0000E+00
     8.1270E+01     1.0000E-11     0.0000E+00
     8.1270E+01     1.0000E-11     0.0000E+00
     8.2676E+01     1.0000E-11     0.0000E+00
     8.4081E+01     1.0000E-11     0.0000E+00
     8.4081E+01     1.0000E-11     0.0000E+00
     8.5536E+01     1.0000E-11     0.0000E+00
     8.6990E+01     1.0000E-11     0.0000E+00
     8.6990E+01     1.0000E-11     0.0000E+00
     8.8495E+01     1.0000E-11     0.0000E+00
     9.0000E+01     1.0000E-11     0.0000E+00
     9.0000E+01     1.0000E-16     0.0000E+00
&
